Executing action: monitor
Serial port /dev/ttyUSB0
Connecting.....
Detecting chip type... ESP32
Running idf_monitor in directory /home/sabinho/github/power_profiller
Executing "/home/sabinho/.espressif/python_env/idf5.5_py3.14_env/bin/python /home/sabinho/esp/esp-idf/tools/idf_monitor.py -p /dev/ttyUSB0 -b 115200 --toolchain-prefix xtensa-esp32-elf- --target esp32 --revision 0 /home/sabinho/github/power_profiller/build/power_profiller.elf /home/sabinho/github/power_profiller/build/bootloader/bootloader.elf -m '/home/sabinho/.espressif/python_env/idf5.5_py3.14_env/bin/python' '/home/sabinho/esp/esp-idf/tools/idf.py'"...
ets Jul 29 2019 12:21:46

rst:0x1 (POWERON_RESET),boot:0x13 (SPI_FAST_FLASH_BOOT)
configsip: 0, SPIWP:0xee
clk_drv:0x00,q_drv:0x00,d_drv:0x00,cs0_drv:0x00,hd_drv:0x00,wp_drv:0x00
mode:DIO, clock div:2
load:0x3fff0030,len:6380
ho 0 tail 12 room 4
load:0x40078000,len:15916
load:0x40080400,len:3860
entry 0x40080638
[0;32mI (29) boot: ESP-IDF v5.5 2nd stage bootloader[0m
[0;32mI (29) boot: compile time Jun 25 2026 22:12:55[0m
[0;32mI (29) boot: Multicore bootloader[0m
[0;32mI (30) boot: chip revision: v3.0[0m
[0;32mI (33) boot.esp32: SPI Speed      : 40MHz[0m
[0;32mI (37) boot.esp32: SPI Mode       : DIO[0m
[0;32mI (40) boot.esp32: SPI Flash Size : 2MB[0m
[0;32mI (44) boot: Enabling RNG early entropy source...[0m
[0;32mI (49) boot: Partition Table:[0m
[0;32mI (51) boot: ## Label            Usage          Type ST Offset   Length[0m
[0;32mI (57) boot:  0 nvs              WiFi data        01 02 00009000 00006000[0m
[0;32mI (64) boot:  1 phy_init         RF data          01 01 0000f000 00001000[0m
[0;32mI (71) boot:  2 factory          factory app      00 00 00010000 00100000[0m
[0;32mI (77) boot: End of partition table[0m
[0;32mI (80) esp_image: segment 0: paddr=00010020 vaddr=3f400020 size=1e8cch (125132) map[0m
[0;32mI (131) esp_image: segment 1: paddr=0002e8f4 vaddr=3ff80000 size=00020h (    32) load[0m
[0;32mI (131) esp_image: segment 2: paddr=0002e91c vaddr=3ffb0000 size=016fch (  5884) load[0m
[0;32mI (137) esp_image: segment 3: paddr=00030020 vaddr=400d0020 size=93548h (603464) map[0m
[0;32mI (348) esp_image: segment 4: paddr=000c3570 vaddr=3ffb16fc size=0282ch ( 10284) load[0m
[0;32mI (352) esp_image: segment 5: paddr=000c5da4 vaddr=40080000 size=19480h (103552) load[0m
[0;32mI (405) boot: Loaded app from partition at offset 0x10000[0m
[0;32mI (405) boot: Disabling RNG early entropy source...[0m
[0;32mI (415) cpu_start: Multicore app[0m
[0;32mI (424) cpu_start: Pro cpu start user code[0m
[0;32mI (424) cpu_start: cpu freq: 160000000 Hz[0m
[0;32mI (424) app_init: Application information:[0m
[0;32mI (424) app_init: Project name:     power_profiller[0m
[0;32mI (429) app_init: App version:      cf67354[0m
[0;32mI (432) app_init: Compile time:     Jun 30 2026 14:12:24[0m
[0;32mI (438) app_init: ELF file SHA256:  858009c89...[0m
[0;32mI (442) app_init: ESP-IDF:          v5.5[0m
[0;32mI (446) efuse_init: Min chip rev:     v0.0[0m
[0;32mI (449) efuse_init: Max chip rev:     v3.99 [0m
[0;32mI (453) efuse_init: Chip rev:         v3.0[0m
[0;32mI (457) heap_init: Initializing. RAM available for dynamic allocation:[0m
[0;32mI (464) heap_init: At 3FFAE6E0 len 00001920 (6 KiB): DRAM[0m
[0;32mI (469) heap_init: At 3FFB9318 len 00026CE8 (155 KiB): DRAM[0m
[0;32mI (474) heap_init: At 3FFE0440 len 00003AE0 (14 KiB): D/IRAM[0m
[0;32mI (479) heap_init: At 3FFE4350 len 0001BCB0 (111 KiB): D/IRAM[0m
[0;32mI (485) heap_init: At 40099480 len 00006B80 (26 KiB): IRAM[0m
[0;32mI (492) spi_flash: detected chip: generic[0m
[0;32mI (494) spi_flash: flash io: dio[0m
[0;33mW (497) spi_flash: Detected size(4096k) larger than the size in the binary image header(2048k). Using the size in the binary image header.[0m
[0;33mW (509) i2c: This driver is an old driver, please migrate your application code to adapt `driver/i2c_master.h`[0m
[0;32mI (519) main_task: Started on CPU0[0m
[0;32mI (522) main_task: Calling app_main()[0m
[0;32mI (524) profiler: Power profiler v2 — WiFi + web dashboard[0m
[0;32mI (558) wifi:wifi driver task: 3ffc15b8, prio:23, stack:6656, core=0[0m
[0;32mI (573) wifi:wifi firmware version: f3dbad7[0m
[0;32mI (573) wifi:wifi certification version: v7.0[0m
[0;32mI (573) wifi:config NVS flash: enabled[0m
[0;32mI (574) wifi:config nano formatting: disabled[0m
[0;32mI (578) wifi:Init data frame dynamic rx buffer num: 32[0m
[0;32mI (583) wifi:Init static rx mgmt buffer num: 5[0m
[0;32mI (587) wifi:Init management short buffer num: 32[0m
[0;32mI (591) wifi:Init dynamic tx buffer num: 32[0m
[0;32mI (595) wifi:Init static rx buffer size: 1600[0m
[0;32mI (599) wifi:Init static rx buffer num: 10[0m
[0;32mI (603) wifi:Init dynamic rx buffer num: 32[0m
[0;32mI (608) wifi_init: rx ba win: 6[0m
[0;32mI (610) wifi_init: accept mbox: 6[0m
[0;32mI (613) wifi_init: tcpip mbox: 32[0m
[0;32mI (616) wifi_init: udp mbox: 6[0m
[0;32mI (618) wifi_init: tcp mbox: 6[0m
[0;32mI (621) wifi_init: tcp tx win: 5760[0m
[0;32mI (624) wifi_init: tcp rx win: 5760[0m
[0;32mI (628) wifi_init: tcp mss: 1440[0m
[0;32mI (631) wifi_init: WiFi IRAM OP enabled[0m
[0;32mI (634) wifi_init: WiFi RX IRAM OP enabled[0m
[0;33mW (639) wifi:Password length matches WPA2 standards, authmode threshold changes from OPEN to WPA2[0m
[0;32mI (647) phy_init: phy_version 4860,6b7a6e5,Feb  6 2025,14:47:07[0m
[0;32mI (727) wifi:mode : sta (40:22:d8:eb:21:c4)[0m
[0;32mI (728) wifi:enable tsf[0m
[0;32mI (803) wifi:new:<6,0>, old:<1,0>, ap:<255,255>, sta:<6,0>, prof:1, snd_ch_cfg:0x0[0m
[0;32mI (805) wifi:state: init -> auth (0xb0)[0m
[0;32mI (1807) wifi:state: auth -> init (0x200)[0m
[0;32mI (1811) wifi:new:<6,0>, old:<6,0>, ap:<255,255>, sta:<6,0>, prof:1, snd_ch_cfg:0x0[0m
[0;33mW (1813) profiler: WiFi disconnected, reconnecting...[0m
[0;33mW (4229) profiler: WiFi disconnected, reconnecting...[0m
[0;32mI (4284) wifi:new:<6,0>, old:<6,0>, ap:<255,255>, sta:<6,0>, prof:1, snd_ch_cfg:0x0[0m
[0;32mI (4286) wifi:state: init -> auth (0xb0)[0m
[0;32mI (4296) wifi:state: auth -> assoc (0x0)[0m
[0;32mI (4307) wifi:state: assoc -> run (0x10)[0m
[0;32mI (4345) wifi:connected with Stella, aid = 9, channel 6, BW20, bssid = 30:96:10:88:01:0c[0m
[0;32mI (4346) wifi:security: WPA2-PSK, phy: bgn, rssi: -89[0m
[0;32mI (4351) wifi:pm start, type: 1[0m

[0;32mI (4351) wifi:dp: 1, bi: 102400, li: 3, scale listen interval from 307200 us to 307200 us[0m
[0;32mI (4384) wifi:AP's beacon interval = 102400 us, DTIM period = 1[0m
[0;32mI (5409) esp_netif_handlers: sta ip: 192.168.5.106, mask: 255.255.255.0, gw: 192.168.5.1[0m
[0;32mI (5410) profiler: WiFi connected — IP: 192.168.5.106[0m
[0;32mI (5412) profiler: WiFi ready[0m
[0;32mI (5418) profiler: HTTP server started on port 80[0m
[0;32mI (5419) profiler: I2C bus scan:[0m
[0;32mI (5436) profiler:   Device found at 0x44[0m
[0;32mI (5449) profiler: I2C scan complete[0m
[1;31mE (5449) ina226_bsp: Failed to write config register: ESP_FAIL[0m
[1;31mE (5450) ina226_bsp: Failed to write config register: ESP_FAIL[0m
[0;32mI (5453) ina226_bsp: Initialized at 0x44, shunt=0.100 Ω, I_LSB=24.414 µA, CAL=2097[0m
[0;32mI (5461) ina226_bsp: Device verified: MFG=0x5449 DIE=0x2260[0m
[0;32mI (5465) profiler: INA226 ready at 0x44[0m
timestamp_ms,voltage_v,current_ma,power_mw
4953,4.146,-0.073,0.000
4977,4.148,-0.073,0.000
5000,4.146,-0.073,0.000
5024,4.148,-0.049,0.000
5047,4.148,-0.073,0.000
5071,4.146,-0.073,0.000
5094,4.145,-0.073,0.610
5119,4.145,-0.073,0.610
5142,4.145,-0.073,0.000
5165,4.144,-0.073,0.000
5188,4.144,-0.073,0.610
5213,4.142,-0.073,0.000
5236,4.142,-0.049,0.000
5259,4.141,-0.073,0.000
5282,4.140,-0.073,0.000
5305,4.137,-0.073,0.610
5329,4.137,-0.073,0.000
5352,4.135,-0.073,0.000
5375,4.131,-0.049,0.000
5398,4.131,-0.073,0.000
5423,4.011,-0.073,0.000
5446,4.151,-0.073,0.000
5469,4.125,-0.049,0.000
5492,4.066,-0.049,0.000
5515,3.964,-0.073,0.000
5539,4.070,-0.073,0.000
5562,4.057,-0.073,0.000
5585,3.983,-0.073,0.000
5608,3.963,-0.049,0.000
5632,3.908,-0.049,0.000
5655,3.960,-0.049,0.000
5678,4.074,-0.073,0.000
5701,4.108,-0.073,0.000
5725,4.065,-0.073,0.000
5749,4.097,-0.073,0.610
5772,4.102,-0.049,0.000
5795,4.111,-0.073,0.000
5818,4.113,-0.073,0.000
5842,4.114,-0.073,0.000
5865,4.111,-0.073,0.000
5888,4.109,-0.049,0.000
5911,4.109,-0.073,0.000
5936,4.109,-0.073,0.000
5959,4.105,-0.073,0.000
5982,4.110,-0.073,0.610
6005,4.121,-0.073,0.000
6028,4.110,-0.073,0.000
6052,4.111,-0.049,0.000
6076,4.108,-0.073,0.000
6099,4.099,-0.073,0.000
6122,4.076,-0.073,0.000
6145,4.041,-0.073,0.000
6168,4.030,-0.073,0.000
6192,3.922,-0.073,0.000
6215,3.951,-0.073,0.000
6239,4.000,-0.049,0.000
6262,4.048,-0.049,0.000
6285,4.037,-0.073,0.000
6308,4.075,-0.073,0.000
6331,4.074,-0.049,0.000
6355,4.062,-0.073,0.000
6378,4.068,-0.073,0.000
6401,4.068,-0.073,0.000
6424,4.065,-0.073,0.000
6451,4.056,-0.073,0.000
6474,4.041,-0.073,0.000
6497,4.015,-0.049,0.000
6520,3.961,-0.073,0.000
6544,3.631,12.671,43.945
6568,3.634,6.616,23.804
6591,3.611,4.907,18.311
6614,3.535,8.057,28.687
6637,3.629,8.057,29.297
6660,3.760,8.057,29.907
6683,3.783,8.057,30.518
6706,3.763,8.008,29.907
6729,3.714,7.983,29.907
6752,3.704,7.983,29.297
6776,3.690,7.983,29.297
6799,3.326,15.942,51.270
6822,3.370,23.975,64.087
6845,3.770,6.958,26.245
6869,3.432,19.312,65.308
6892,3.280,23.804,66.528
6915,3.654,6.934,25.024
6938,3.285,20.313,65.918
6962,3.501,16.772,56.763
6985,3.723,8.813,40.283
7008,3.676,11.011,40.283
7031,3.706,10.645,39.673
7057,3.902,-0.073,0.000
7081,3.890,-0.049,0.000
7104,3.890,-0.049,0.000
7127,3.874,-0.049,0.000
7150,3.870,-0.073,0.000
7174,3.886,-0.098,0.000
7197,3.860,-0.049,0.000
7220,3.846,-0.073,0.000
7243,3.849,-0.073,0.000
7268,3.855,-0.049,0.000
7291,3.868,-0.049,0.000
7314,3.862,-0.073,0.000
7337,3.860,-0.073,0.000
7360,3.841,-0.073,0.000
7384,3.841,-0.073,0.000
7407,3.846,-0.049,0.000
7430,3.812,-0.049,0.000
7453,3.765,-0.073,0.000
7477,3.654,-0.049,0.000
7500,3.670,-0.073,0.000
7523,3.662,-0.073,0.000
7546,3.651,-0.049,0.000
7570,3.645,-0.073,0.000
7593,3.680,-0.073,0.000
7616,3.793,-0.073,0.000
7639,3.848,-0.049,0.000
7662,3.869,-0.098,0.000
7686,3.888,-0.049,0.000
7709,3.900,-0.073,0.000
7732,3.905,-0.073,0.000
7755,3.896,-0.073,0.000
7780,3.886,-0.073,0.000
7803,3.840,-0.049,0.000
7826,3.861,-0.073,0.000
7849,3.944,-0.073,0.000
7872,3.941,-0.073,0.000
7896,3.924,-0.049,0.000
7919,3.910,-0.073,0.000
7942,3.918,-0.073,0.000
7965,3.914,-0.073,0.000
7989,3.963,-0.049,0.000
8012,3.959,-0.049,0.000
8037,3.941,-0.073,0.000
8062,3.914,-0.049,0.000
8087,3.727,-0.073,0.000
8110,3.680,-0.098,0.000
8134,3.682,-0.073,0.000
8157,3.670,-0.049,0.000
8181,3.904,-0.073,0.000
8205,3.869,-0.098,0.000
8228,3.928,-0.073,0.000
8251,3.957,-0.049,0.000
8274,3.966,-0.073,0.000
8298,3.973,-0.049,0.000
8321,3.980,-0.073,0.000
8344,3.980,-0.073,0.000
8367,3.979,-0.073,0.000
8390,3.899,2.930,11.597
8413,3.861,4.858,32.959
8436,3.908,3.760,15.259
8459,3.731,11.230,40.894
8482,3.806,8.081,31.128
8506,3.804,8.057,31.128
8529,3.805,8.081,31.128
8552,3.805,8.154,31.128
8575,3.806,7.983,29.907
8600,3.805,7.983,29.907
8623,3.804,7.983,29.907
8646,3.799,7.935,29.907
8669,3.500,24.927,81.787
8693,3.594,14.453,50.659
8716,3.855,6.909,26.855
8739,3.479,24.585,80.566
8762,3.537,22.559,78.125
8785,3.682,15.869,55.542
8809,3.376,27.515,71.411
8832,3.855,6.958,26.855
8855,3.750,10.938,40.894
8878,3.750,10.913,40.894
8902,4.023,-0.073,0.000
8926,4.021,-0.073,0.000
8949,4.017,-0.073,0.000
8972,4.014,-0.073,0.000
8995,4.006,-0.073,0.000
9019,4.003,-0.073,0.000
9042,3.999,-0.073,0.000
9065,3.993,-0.073,0.000
9088,3.981,-0.073,0.000
9113,3.955,-0.049,0.000
9136,3.944,-0.049,0.000
9159,3.946,-0.073,0.000
9182,3.947,-0.073,0.000
9206,3.945,-0.073,0.000
9229,3.946,-0.073,0.000
9252,3.947,-0.073,0.000
9275,3.946,-0.073,0.000
9298,3.944,-0.073,0.000
9322,3.940,-0.073,0.000
9345,3.934,-0.073,0.000
9368,3.940,-0.073,0.000
9391,3.936,-0.073,0.000
9414,3.935,-0.073,0.000
9437,3.928,-0.049,0.000
9460,3.921,-0.073,0.000
9483,3.908,-0.049,0.000
9506,3.902,-0.049,0.000
9530,3.882,-0.073,0.000
9553,3.868,-0.073,0.000
9576,3.868,-0.073,0.000
9599,3.841,-0.049,0.000
9623,3.929,-0.049,0.000
9646,3.880,-0.049,0.000
9669,3.868,-0.049,0.000
9692,4.023,-0.073,0.000
9715,4.025,-0.073,0.000
9739,4.020,-0.073,0.000
9762,4.017,-0.073,0.000
9785,4.010,-0.073,0.000
9808,4.001,-0.049,0.000
9832,3.993,-0.049,0.000
9855,3.984,-0.073,0.000
9878,3.970,-0.073,0.000
9902,3.954,-0.073,0.000
9926,3.912,-0.049,0.000
9949,3.841,-0.049,0.000
9972,3.733,-0.073,0.000
9995,3.720,-0.073,0.000
10018,3.711,-0.049,0.000
10042,3.759,-0.049,0.000
10065,3.846,-0.073,0.000
10088,3.861,-0.049,0.000
10111,3.861,-0.049,0.000
10135,3.868,-0.073,0.000
10158,3.861,-0.049,0.000
10181,3.869,-0.073,0.000
10204,3.874,-0.073,0.000
10227,3.875,-0.049,0.000
10251,3.881,-0.049,0.000
10274,3.918,-0.049,0.000
10297,3.926,-0.073,0.000
10320,3.934,-0.073,0.000
10344,3.932,-0.049,0.000
10367,3.936,-0.098,0.000
10390,3.934,-0.049,0.000
10414,3.931,-0.073,0.000
10437,3.930,-0.073,0.000
10460,3.929,-0.049,0.000
10483,3.928,-0.049,0.000
10506,3.918,-0.024,0.000
10529,3.915,-0.073,0.000
10553,3.912,-0.073,0.000
10576,3.910,-0.049,0.000
10599,3.905,-0.049,0.000
10622,3.906,-0.049,0.000
10647,3.902,-0.073,0.000
10670,3.904,-0.073,0.000
10693,3.901,-0.073,0.000
10716,3.902,-0.073,0.000
10739,3.900,-0.073,0.000
10763,3.894,-0.049,0.000
10786,3.886,-0.049,0.000
10809,3.874,-0.073,0.000
10832,3.880,-0.049,0.000
10857,3.879,-0.073,0.000
10880,3.872,-0.049,0.000
10903,3.871,-0.073,0.000
10926,3.859,-0.073,0.000
10949,3.787,1.904,15.259
10972,3.706,4.688,17.090
10995,3.841,3.760,14.038
11018,3.721,10.547,37.842
11041,3.791,8.081,31.128
11065,3.794,8.081,31.128
11088,3.796,8.081,31.128
11111,3.799,8.057,31.128
11134,3.804,7.959,29.907
11159,3.805,7.983,29.907
11182,3.805,7.959,29.907
11205,3.807,7.983,29.907
11228,3.161,31.982,101.318
11251,3.152,32.178,101.318
11275,3.155,32.275,101.318
11298,3.149,32.397,101.929
11321,3.138,32.422,101.929
11344,3.135,32.349,101.318
11368,3.119,32.495,100.708
11391,3.114,32.397,100.708
11414,3.106,32.813,101.929
11438,3.085,32.886,101.318
11462,3.101,32.935,101.929
11486,3.088,33.081,101.929
11509,3.062,33.179,101.929
11532,2.889,33.179,95.825
11555,2.959,33.179,98.267
11579,2.957,33.252,98.877
11602,3.035,33.228,101.318
11625,3.036,33.203,100.708
11648,3.064,33.545,102.539
11673,3.057,33.789,103.149
11696,3.070,33.936,104.370
11719,3.069,33.911,104.370
11742,3.051,33.813,103.149
11767,3.069,34.009,103.760
11790,3.056,33.911,103.760
11813,3.065,33.984,104.370
11836,3.059,33.716,103.149
11859,3.054,33.887,102.539
11883,3.091,33.813,104.980
11906,3.086,33.887,104.370
11929,3.080,33.813,103.760
11952,3.076,33.887,104.370
11975,3.074,33.984,104.370
11998,3.071,34.009,104.370
12021,3.059,34.033,104.370
12044,3.076,34.009,104.370
12067,3.059,33.936,104.370
12091,3.057,33.984,103.760
12114,3.057,34.009,103.760
12137,3.057,33.936,103.149
12160,3.648,13.501,46.387
12185,3.760,6.421,23.804
12208,3.899,-0.073,0.000
12231,3.894,-0.073,0.000
12254,3.890,-0.073,0.000
12279,3.886,-0.073,0.000
12302,3.891,-0.049,0.000
12325,3.882,-0.073,0.000
12348,3.886,-0.073,0.000
12371,3.884,-0.049,0.000
12395,3.881,-0.049,0.000
12418,3.872,-0.049,0.000
12441,3.872,-0.073,0.000
12464,3.870,-0.073,0.000
12487,3.865,-0.073,0.000
12510,3.868,-0.049,0.000
12533,3.869,-0.073,0.000
12556,3.870,-0.073,0.000
12579,3.868,-0.073,0.000
12603,3.868,-0.073,0.000
12626,3.870,-0.073,0.000
12649,3.869,-0.073,0.000
12672,3.869,-0.073,0.000
12697,3.870,-0.073,0.000
12720,3.869,-0.073,0.000
12743,3.868,-0.049,0.000
12766,4.024,-0.073,0.000
12791,4.023,-0.073,0.000
12814,4.025,-0.073,0.000
12837,4.029,-0.049,0.000
12860,4.029,-0.073,0.000
12883,4.028,-0.073,0.000
12907,4.026,-0.073,0.000
12930,4.030,-0.073,0.000
12953,4.029,-0.073,0.000
12976,4.030,-0.073,0.000
13001,4.029,-0.073,0.000
13025,4.029,-0.049,0.000
13048,4.030,-0.049,0.000
13071,4.030,-0.049,0.000
13094,4.030,-0.073,0.000
13118,4.030,-0.073,0.000
13141,4.030,-0.049,0.000
13164,4.030,-0.073,0.000
13187,4.030,-0.073,0.000
13211,4.029,-0.073,0.000
13234,4.028,-0.073,0.000
13257,4.029,-0.073,0.000
13280,4.028,-0.073,0.000
13305,4.029,-0.073,0.000
13328,4.026,-0.049,0.000
13351,4.026,-0.049,0.000
13374,4.026,-0.073,0.000
13397,4.025,-0.073,0.000
13421,4.025,-0.073,0.000
13444,4.025,-0.073,0.000
13467,4.024,-0.049,0.000
13490,4.024,-0.049,0.000
13515,4.025,-0.049,0.000
13538,4.026,-0.073,0.000
13561,4.026,-0.049,0.000
13584,4.031,-0.073,0.000
13607,4.045,-0.073,0.000
13631,4.050,-0.049,0.000
13654,4.050,-0.073,0.000
13677,4.052,-0.073,0.000
13700,4.055,-0.073,0.000
13724,3.980,3.931,15.869
13747,3.806,8.618,32.349
13770,3.977,3.735,15.259
13793,3.824,12.573,31.128
13817,3.888,8.057,31.128
13840,3.889,8.081,31.128
13863,3.891,8.008,31.128
13886,3.890,7.983,31.128
13909,3.891,8.008,31.128
13933,3.891,8.008,31.128
13956,3.891,8.008,31.128
13979,3.891,7.983,31.128
14002,3.416,26.147,89.111
14026,3.529,26.660,93.994
14049,3.918,10.913,39.062
14072,3.409,26.270,88.501
14095,3.629,20.044,70.190
14118,3.765,14.917,53.711
14142,3.446,21.924,76.294
14165,3.906,6.958,26.855
14188,3.810,11.133,42.114
14211,3.811,11.157,42.114
14236,4.070,-0.073,0.000
14259,4.073,-0.073,0.000
14282,4.071,-0.073,0.000
14305,4.071,-0.073,0.000
14329,4.073,-0.073,0.000
14352,4.073,-0.073,0.000
14375,4.073,-0.049,0.000
14398,4.074,-0.073,0.000
14421,4.074,-0.073,0.000
14445,4.075,-0.049,0.000
14468,4.075,-0.073,0.000
14491,4.075,-0.073,0.000
14514,4.075,-0.073,0.000
14539,4.074,-0.049,0.000
14562,4.074,-0.073,0.000
14585,4.075,-0.073,0.000
14608,4.075,-0.073,0.000
14631,4.074,-0.049,0.000
14655,4.074,-0.073,0.000
14678,4.075,-0.073,0.000
14701,4.075,-0.073,0.000
14724,3.980,3.931,15.869
14748,3.963,10.132,37.842
14771,3.839,5.420,20.752
14794,3.882,8.203,31.738
14817,3.882,8.081,31.128
14841,3.885,8.105,31.128
14865,3.885,8.008,31.128
14888,3.885,8.008,31.128
14911,3.885,8.008,31.128
14934,3.886,7.983,31.128
14958,3.884,7.983,31.128
14981,3.884,8.008,31.128
15004,3.395,24.707,83.618
15027,3.705,18.481,65.918
15050,3.904,6.934,26.855
15073,3.463,28.076,78.735
15096,3.855,13.916,53.101
15119,3.572,15.601,53.101
15142,3.375,28.638,97.046
15165,3.918,6.958,26.855
15188,3.821,11.206,42.725
15211,3.821,11.206,42.725
15234,4.070,-0.073,0.000
15258,4.070,-0.073,0.000
15281,4.069,-0.073,0.000
15304,4.066,-0.073,0.000
15327,4.068,-0.073,0.000
15352,4.068,-0.073,0.000
15375,4.068,-0.073,0.000
15398,4.066,-0.049,0.000
15421,4.068,-0.098,0.610
15444,4.068,-0.073,0.000
15468,4.066,-0.073,0.000
15491,4.066,-0.073,0.000
15514,4.068,-0.049,0.000
15537,4.066,-0.073,0.000
15562,4.066,-0.073,0.000
15585,4.066,-0.073,0.000
15608,4.064,-0.073,0.000
15631,4.064,-0.073,0.000
15654,4.062,-0.049,0.000
15678,4.065,-0.073,0.000
15701,4.065,-0.049,0.000
15724,4.064,-0.073,0.000
15747,4.062,-0.073,0.000
15771,4.064,-0.073,0.000
15794,4.061,-0.073,0.000
15817,4.062,-0.049,0.000
15840,4.062,-0.073,0.000
15865,4.064,-0.073,0.000
15888,4.061,-0.049,0.000
15911,4.061,-0.049,0.000
15934,4.060,-0.073,0.000
15957,4.060,-0.049,0.000
15981,4.059,-0.073,0.000
16004,4.059,-0.073,0.000
16027,4.059,-0.073,0.000
16050,4.059,-0.073,0.000
16074,4.057,-0.049,0.000
16097,4.057,-0.073,0.000
16120,4.057,-0.073,0.000
16143,4.057,-0.049,0.000
16166,4.057,-0.098,0.610
16189,4.057,-0.073,0.000
16212,3.967,3.906,15.869
16235,3.824,11.499,43.335
16258,3.822,6.665,24.414
16282,3.875,8.105,31.128
16305,3.876,8.081,31.128
16328,3.878,8.105,31.128
16351,3.876,8.081,31.128
16376,3.878,7.983,31.128
16399,3.876,7.983,31.128
16422,3.878,8.008,31.128
16445,3.876,8.008,31.128
16468,3.876,8.008,31.128
16492,3.375,26.123,86.670
16515,3.534,27.734,92.773
16538,3.569,19.507,67.749
16561,3.406,25.195,84.839
16586,3.899,6.982,26.855
16609,3.594,22.534,78.735
16632,3.589,23.022,80.566
16655,3.900,6.958,26.855
16678,3.807,11.230,42.725
16702,3.809,11.230,42.725
16725,4.052,-0.049,0.000
16748,4.052,-0.049,0.000
16771,4.051,-0.049,0.000
16795,4.051,-0.073,0.000
16818,4.050,-0.073,0.000
16841,4.051,-0.073,0.000
16864,4.051,-0.073,0.000
16889,4.050,-0.049,0.000
16913,4.049,-0.073,0.000
16936,4.049,-0.073,0.000
16959,4.048,-0.049,0.000
16982,4.048,-0.073,0.000
17006,4.045,-0.049,0.000
17029,4.045,-0.073,0.000
17052,4.045,-0.073,0.000
17075,4.044,-0.073,0.000
17100,4.043,-0.049,0.000
17123,4.045,-0.073,0.000
17146,4.045,-0.049,0.000
17169,4.043,-0.098,0.000
17193,4.043,-0.049,0.000
17216,4.041,-0.073,0.000
17239,4.040,-0.073,0.000
17262,4.040,-0.073,0.000
17285,4.040,-0.073,0.000
17309,4.036,-0.049,0.000
17332,4.035,-0.073,0.000
17355,4.034,-0.073,0.000
17378,4.034,-0.049,0.000
17401,4.032,-0.049,0.000
17424,4.032,-0.049,0.000
17447,4.032,-0.073,0.000
17470,4.029,-0.073,0.000
17493,4.030,-0.049,0.000
17517,4.030,-0.073,0.000
17540,4.028,-0.049,0.000
17563,4.029,-0.049,0.000
17586,3.941,3.931,17.700
17610,3.878,6.714,25.635
17633,3.620,15.649,53.711
17656,3.844,8.105,31.128
17679,3.844,8.105,31.128
17702,3.845,8.081,31.128
17726,3.842,8.105,31.128
17749,3.844,8.105,31.128
17772,3.841,8.105,31.738
17795,3.844,8.008,31.128
17819,3.842,8.008,31.128
17842,3.841,7.983,31.128
17865,3.371,27.930,95.215
17888,3.330,27.148,89.722
17913,3.739,19.946,70.801
17936,3.400,28.687,96.436
17959,3.842,7.104,27.466
17982,3.547,20.459,69.580
18005,3.535,19.873,68.970
18029,3.839,6.982,26.855
18052,3.739,11.206,42.114
18075,3.736,11.206,42.114
18098,3.976,-0.073,0.000
18123,3.973,-0.049,0.000
18146,3.971,-0.073,0.000
18169,3.969,-0.049,0.000
18192,3.965,-0.049,0.000
18215,3.960,-0.073,0.000
18239,3.953,-0.049,0.000
18262,3.945,-0.073,0.000
18285,3.944,-0.049,0.000
18308,3.943,-0.073,0.000
18332,3.943,-0.073,0.000
18355,3.944,-0.049,0.000
18378,3.945,-0.049,0.000
18402,3.944,-0.073,0.000
18425,3.941,-0.049,0.000
18448,3.943,-0.073,0.000
18471,3.941,-0.073,0.000
18494,3.941,-0.073,0.000
18517,3.943,-0.073,0.000
18541,3.945,-0.049,0.000
18564,3.944,-0.073,0.000
18587,3.944,-0.073,0.000
18610,3.944,-0.073,0.000
18635,3.945,-0.049,0.000
18658,3.946,-0.073,0.000
18681,3.945,-0.073,0.000
18704,3.945,-0.073,0.000
18727,3.946,-0.073,0.000
18751,3.945,-0.073,0.000
18774,3.943,-0.073,0.000
18797,3.940,-0.073,0.000
18820,3.943,-0.049,0.000
18844,3.941,-0.073,0.000
18867,3.940,-0.073,0.000
18890,3.934,-0.073,0.000
18914,3.935,-0.073,0.000
18937,3.926,-0.073,0.000
18960,3.924,-0.049,0.000
18983,3.924,-0.073,0.000
19006,3.924,-0.073,0.000
19029,3.921,-0.049,0.000
19053,3.924,-0.098,0.000
19076,3.922,-0.073,0.000
19099,3.921,-0.073,0.000
19122,3.920,-0.049,0.000
19147,3.921,-0.073,0.000
19170,3.921,-0.073,0.000
19193,3.938,-0.049,0.000
19216,3.953,-0.073,0.000
19239,3.951,-0.073,0.000
19263,3.951,-0.073,0.000
19286,3.955,-0.073,0.000
19309,3.963,-0.073,0.000
19332,3.967,-0.098,0.000
19357,3.973,-0.049,0.000
19380,3.973,-0.049,0.000
19403,3.975,-0.049,0.000
19426,3.980,-0.049,0.000
19450,3.981,-0.049,0.000
19473,3.980,-0.049,0.000
19496,3.981,-0.073,0.000
19519,3.981,-0.073,0.000
19542,3.989,-0.073,0.000
19566,3.995,-0.073,0.000
19589,4.005,-0.073,0.000
19612,4.003,-0.073,0.000
19635,4.005,-0.073,0.000
19660,4.008,-0.073,0.000
19683,4.003,-0.073,0.000
19706,4.008,-0.073,0.000
19729,3.983,-0.073,0.000
19753,3.870,-0.073,0.000
19777,3.822,-0.049,0.000
19800,3.949,-0.073,0.000
19823,3.960,-0.049,0.000
19846,3.976,-0.073,0.000
19869,3.696,-0.073,0.000
19892,3.777,-0.073,0.000
19915,3.894,-0.073,0.000
19938,3.565,-0.049,0.000
19961,3.943,-0.073,0.000
19984,3.956,-0.073,0.000
20007,3.875,-0.049,0.000
20030,3.774,-0.073,0.000
20053,3.741,-0.073,0.000
20077,3.880,-0.073,0.000
20100,3.920,-0.049,0.000
20123,3.774,-0.049,0.000
20146,3.934,-0.073,0.000
20169,3.901,-0.049,0.000
20192,3.879,-0.073,0.000
20215,3.920,-0.049,0.000
20238,3.879,-0.073,0.000
20261,3.882,-0.073,0.000
20285,3.885,-0.073,0.000
20308,3.885,-0.073,0.000
20331,3.896,-0.049,0.000
20354,3.950,-0.073,0.000
20378,3.909,-0.073,0.000
20401,3.891,-0.049,0.000
20424,3.890,-0.073,0.000
20447,3.886,-0.073,0.000
20471,3.885,-0.073,0.000
20494,3.885,-0.073,0.000
20517,3.886,-0.073,0.000
20540,3.888,-0.073,0.000
20563,3.888,-0.073,0.000
20587,3.888,-0.049,0.000
20610,3.908,-0.073,0.000
20633,3.912,-0.049,0.000
20656,3.915,-0.073,0.000
20679,3.916,-0.073,0.000
20702,3.915,-0.049,0.000
20725,3.919,-0.073,0.000
20748,3.920,-0.049,0.000
20771,3.926,-0.073,0.000
20795,3.965,-0.049,0.000
20818,3.971,-0.049,0.000
20841,3.975,-0.073,0.000
20864,3.974,-0.049,0.000
20889,3.973,-0.073,0.000
20912,3.971,-0.073,0.000
20935,3.969,-0.073,0.000
20958,3.970,-0.073,0.000
20982,3.970,-0.049,0.000
21005,3.969,-0.049,0.000
21028,3.971,-0.049,0.000
21051,3.969,-0.073,0.000
21074,3.967,-0.098,0.000
21098,3.966,-0.073,0.000
21121,3.967,-0.098,0.000
21144,3.966,-0.049,0.000
21167,3.966,-0.073,0.000
21190,3.966,-0.073,0.000
21213,3.965,-0.073,0.000
21236,3.967,-0.098,0.000
21259,3.966,-0.073,0.000
21282,3.970,-0.073,0.000
21306,3.970,-0.073,0.000
21329,3.970,-0.049,0.000
21352,3.967,-0.073,0.000
21375,3.969,-0.049,0.000
21400,3.967,-0.073,0.000
