Executing action: monitor
Serial port /dev/ttyUSB0
Connecting....
Detecting chip type... ESP32
Running idf_monitor in directory /home/sabinho/github/power_profiller
Executing "/home/sabinho/.espressif/python_env/idf5.5_py3.14_env/bin/python /home/sabinho/esp/esp-idf/tools/idf_monitor.py -p /dev/ttyUSB0 -b 115200 --toolchain-prefix xtensa-esp32-elf- --target esp32 --revision 0 /home/sabinho/github/power_profiller/build/power_profiller.elf /home/sabinho/github/power_profiller/build/bootloader/bootloader.elf -m '/home/sabinho/.espressif/python_env/idf5.5_py3.14_env/bin/python' '/home/sabinho/esp/esp-idf/tools/idf.py'"...
[Errno 5] could not open port /dev/ttyUSB0: [Errno 5] Input/output error: '/dev/ttyUSB0'
Executing action: monitor
Serial port /dev/ttyUSB0
Connecting......
Detecting chip type... ESP32
Running idf_monitor in directory /home/sabinho/github/power_profiller
Executing "/home/sabinho/.espressif/python_env/idf5.5_py3.14_env/bin/python /home/sabinho/esp/esp-idf/tools/idf_monitor.py -p /dev/ttyUSB0 -b 115200 --toolchain-prefix xtensa-esp32-elf- --target esp32 --revision 0 /home/sabinho/github/power_profiller/build/power_profiller.elf /home/sabinho/github/power_profiller/build/bootloader/bootloader.elf -m '/home/sabinho/.espressif/python_env/idf5.5_py3.14_env/bin/python' '/home/sabinho/esp/esp-idf/tools/idf.py'"...
ets Jul 29 2019 12:21:46

rst:0x1 (POWERON_RESET),boot:0x13 (SPI_FAST_FLASH_BOOT)
configsip: 0, SPIWP:0xee
clk_drv:0x00,q_drv:0x00,d_drv:0x00,cs0_drv:0x00,hd_drv:0x00,wp_drv:0x00
mode:DIO, clock div:2
load:0x3fff0030,len:6380
ho 0 tail 12 room 4
load:0x40078000,len:15916
load:0x40080400,len:3860
entry 0x40080638
[0;32mI (29) boot: ESP-IDF v5.5 2nd stage bootloader[0m
[0;32mI (29) boot: compile time Jun 25 2026 22:12:55[0m
[0;32mI (29) boot: Multicore bootloader[0m
[0;32mI (30) boot: chip revision: v3.1[0m
[0;32mI (33) boot.esp32: SPI Speed      : 40MHz[0m
[0;32mI (37) boot.esp32: SPI Mode       : DIO[0m
[0;32mI (40) boot.esp32: SPI Flash Size : 2MB[0m
[0;32mI (44) boot: Enabling RNG early entropy source...[0m
[0;32mI (49) boot: Partition Table:[0m
[0;32mI (51) boot: ## Label            Usage          Type ST Offset   Length[0m
[0;32mI (57) boot:  0 nvs              WiFi data        01 02 00009000 00006000[0m
[0;32mI (64) boot:  1 phy_init         RF data          01 01 0000f000 00001000[0m
[0;32mI (71) boot:  2 factory          factory app      00 00 00010000 00100000[0m
[0;32mI (77) boot: End of partition table[0m
[0;32mI (80) esp_image: segment 0: paddr=00010020 vaddr=3f400020 size=1e8cch (125132) map[0m
[0;32mI (131) esp_image: segment 1: paddr=0002e8f4 vaddr=3ff80000 size=00020h (    32) load[0m
[0;32mI (131) esp_image: segment 2: paddr=0002e91c vaddr=3ffb0000 size=016fch (  5884) load[0m
[0;32mI (137) esp_image: segment 3: paddr=00030020 vaddr=400d0020 size=93548h (603464) map[0m
[0;32mI (348) esp_image: segment 4: paddr=000c3570 vaddr=3ffb16fc size=0282ch ( 10284) load[0m
[0;32mI (352) esp_image: segment 5: paddr=000c5da4 vaddr=40080000 size=19480h (103552) load[0m
[0;32mI (405) boot: Loaded app from partition at offset 0x10000[0m
[0;32mI (405) boot: Disabling RNG early entropy source...[0m
[0;32mI (415) cpu_start: Multicore app[0m
[0;32mI (424) cpu_start: Pro cpu start user code[0m
[0;32mI (424) cpu_start: cpu freq: 160000000 Hz[0m
[0;32mI (424) app_init: Application information:[0m
[0;32mI (424) app_init: Project name:     power_profiller[0m
[0;32mI (429) app_init: App version:      3f35c1e[0m
[0;32mI (432) app_init: Compile time:     Jun 30 2026 14:31:40[0m
[0;32mI (438) app_init: ELF file SHA256:  36ce68cc3...[0m
[0;32mI (442) app_init: ESP-IDF:          v5.5[0m
[0;32mI (446) efuse_init: Min chip rev:     v0.0[0m
[0;32mI (449) efuse_init: Max chip rev:     v3.99 [0m
[0;32mI (453) efuse_init: Chip rev:         v3.1[0m
[0;32mI (457) heap_init: Initializing. RAM available for dynamic allocation:[0m
[0;32mI (464) heap_init: At 3FFAE6E0 len 00001920 (6 KiB): DRAM[0m
[0;32mI (469) heap_init: At 3FFB9318 len 00026CE8 (155 KiB): DRAM[0m
[0;32mI (474) heap_init: At 3FFE0440 len 00003AE0 (14 KiB): D/IRAM[0m
[0;32mI (479) heap_init: At 3FFE4350 len 0001BCB0 (111 KiB): D/IRAM[0m
[0;32mI (485) heap_init: At 40099480 len 00006B80 (26 KiB): IRAM[0m
[0;32mI (492) spi_flash: detected chip: generic[0m
[0;32mI (494) spi_flash: flash io: dio[0m
[0;33mW (497) spi_flash: Detected size(4096k) larger than the size in the binary image header(2048k). Using the size in the binary image header.[0m
[0;33mW (509) i2c: This driver is an old driver, please migrate your application code to adapt `driver/i2c_master.h`[0m
[0;32mI (519) main_task: Started on CPU0[0m
[0;32mI (522) main_task: Calling app_main()[0m
[0;32mI (524) profiler: Power profiler v2 — WiFi + web dashboard[0m
[0;32mI (558) wifi:wifi driver task: 3ffc1598, prio:23, stack:6656, core=0[0m
[0;32mI (573) wifi:wifi firmware version: f3dbad7[0m
[0;32mI (573) wifi:wifi certification version: v7.0[0m
[0;32mI (573) wifi:config NVS flash: enabled[0m
[0;32mI (573) wifi:config nano formatting: disabled[0m
[0;32mI (578) wifi:Init data frame dynamic rx buffer num: 32[0m
[0;32mI (583) wifi:Init static rx mgmt buffer num: 5[0m
[0;32mI (587) wifi:Init management short buffer num: 32[0m
[0;32mI (591) wifi:Init dynamic tx buffer num: 32[0m
[0;32mI (595) wifi:Init static rx buffer size: 1600[0m
[0;32mI (599) wifi:Init static rx buffer num: 10[0m
[0;32mI (603) wifi:Init dynamic rx buffer num: 32[0m
[0;32mI (608) wifi_init: rx ba win: 6[0m
[0;32mI (610) wifi_init: accept mbox: 6[0m
[0;32mI (613) wifi_init: tcpip mbox: 32[0m
[0;32mI (616) wifi_init: udp mbox: 6[0m
[0;32mI (618) wifi_init: tcp mbox: 6[0m
[0;32mI (621) wifi_init: tcp tx win: 5760[0m
[0;32mI (624) wifi_init: tcp rx win: 5760[0m
[0;32mI (628) wifi_init: tcp mss: 1440[0m
[0;32mI (631) wifi_init: WiFi IRAM OP enabled[0m
[0;32mI (634) wifi_init: WiFi RX IRAM OP enabled[0m
[0;33mW (639) wifi:Password length matches WPA2 standards, authmode threshold changes from OPEN to WPA2[0m
[0;32mI (647) phy_init: phy_version 4860,6b7a6e5,Feb  6 2025,14:47:07[0m
[0;32mI (724) wifi:mode : sta (00:4b:12:30:ad:d8)[0m
[0;32mI (725) wifi:enable tsf[0m
[0;32mI (791) wifi:new:<6,0>, old:<1,0>, ap:<255,255>, sta:<6,0>, prof:1, snd_ch_cfg:0x0[0m
[0;32mI (793) wifi:state: init -> auth (0xb0)[0m
[0;32mI (1795) wifi:state: auth -> init (0x200)[0m
[0;32mI (1799) wifi:new:<6,0>, old:<6,0>, ap:<255,255>, sta:<6,0>, prof:1, snd_ch_cfg:0x0[0m
[0;33mW (1801) profiler: WiFi disconnected, reconnecting...[0m
[0;33mW (4217) profiler: WiFi disconnected, reconnecting...[0m
[0;32mI (4230) wifi:new:<6,0>, old:<6,0>, ap:<255,255>, sta:<6,0>, prof:1, snd_ch_cfg:0x0[0m
[0;32mI (4231) wifi:state: init -> auth (0xb0)[0m
[0;32mI (4242) wifi:state: auth -> assoc (0x0)[0m
[0;32mI (4253) wifi:state: assoc -> run (0x10)[0m
[0;32mI (4272) wifi:connected with Stella, aid = 9, channel 6, BW20, bssid = 30:96:10:88:01:0c[0m
[0;32mI (4272) wifi:security: WPA2-PSK, phy: bgn, rssi: -77[0m
[0;32mI (4277) wifi:pm start, type: 1[0m

[0;32mI (4277) wifi:dp: 1, bi: 102400, li: 3, scale listen interval from 307200 us to 307200 us[0m
[0;32mI (4371) wifi:AP's beacon interval = 102400 us, DTIM period = 1[0m
[0;32mI (5358) esp_netif_handlers: sta ip: 192.168.5.107, mask: 255.255.255.0, gw: 192.168.5.1[0m
[0;32mI (5359) profiler: WiFi connected — IP: 192.168.5.107[0m
[0;32mI (5361) profiler: WiFi ready[0m
[0;32mI (5367) profiler: HTTP server started on port 80[0m
[0;32mI (5368) profiler: I2C bus scan:[0m
[0;32mI (5385) profiler:   Device found at 0x44[0m
[0;32mI (5401) profiler: I2C scan complete[0m
[1;31mE (5402) ina226_bsp: Failed to write config register: ESP_FAIL[0m
[1;31mE (5403) ina226_bsp: Failed to write config register: ESP_FAIL[0m
[0;32mI (5406) ina226_bsp: Initialized at 0x44, shunt=0.100 Ω, I_LSB=24.414 µA, CAL=2097[0m
[0;32mI (5414) ina226_bsp: Device verified: MFG=0x5449 DIE=0x2260[0m
[0;32mI (5418) profiler: INA226 ready at 0x44[0m
timestamp_ms,voltage_v,current_ma,power_mw
4906,3.654,-0.049,0.000
4930,3.655,-0.073,0.000
4953,3.656,-0.049,0.000
4976,3.655,-0.049,0.000
5001,3.656,-0.049,0.000
5024,3.655,-0.073,0.000
5047,3.656,-0.073,0.000
5071,3.658,-0.073,0.000
5094,3.656,-0.049,0.000
5119,3.656,-0.049,0.000
5142,3.656,-0.073,0.000
5165,3.658,-0.073,0.000
5188,3.658,-0.073,0.000
5212,3.656,-0.024,0.000
5235,3.658,-0.049,0.000
5258,3.656,-0.049,0.000
5281,3.656,-0.073,0.000
5304,3.658,-0.073,0.000
5327,3.656,-0.049,0.000
5350,3.656,-0.073,0.000
5373,3.658,-0.049,0.000
5396,3.656,-0.049,0.000
5420,3.658,-0.049,0.000
5443,3.658,-0.049,0.000
5466,3.656,-0.049,0.000
5489,3.658,-0.073,0.000
5513,3.658,-0.073,0.000
5536,3.658,-0.073,0.000
5559,3.658,-0.049,0.000
5582,3.658,-0.049,0.000
5605,3.656,-0.049,0.000
5629,3.656,-0.073,0.000
5652,3.658,-0.073,0.000
5675,3.658,-0.073,0.000
5698,3.658,-0.049,0.000
5722,3.656,-0.049,0.000
5745,3.658,-0.049,0.000
5768,3.658,-0.049,0.000
5791,3.658,-0.049,0.000
5816,3.656,-0.049,0.000
5839,3.656,-0.049,0.000
5862,3.656,-0.049,0.000
5885,3.656,-0.049,0.000
5908,3.656,-0.073,0.000
5931,3.658,-0.073,0.000
5954,3.656,-0.073,0.000
5977,3.656,-0.049,0.000
6000,3.656,-0.073,0.000
6024,3.658,-0.049,0.000
6047,3.655,-0.049,0.000
6071,3.656,-0.073,0.000
6094,3.656,-0.049,0.000
6117,3.656,-0.049,0.000
6141,3.656,-0.073,0.000
6164,3.656,-0.049,0.000
6187,3.656,-0.073,0.000
6210,3.656,-0.073,0.000
6234,3.656,-0.049,0.000
6257,3.656,-0.049,0.000
6280,3.656,-0.049,0.000
6303,3.656,-0.073,0.000
6328,3.656,-0.049,0.000
6351,3.656,-0.073,0.000
6374,3.658,-0.049,0.000
6397,3.655,-0.073,0.000
6420,3.656,-0.098,0.000
6443,3.656,-0.049,0.000
6466,3.658,-0.049,0.000
6489,3.656,-0.073,0.000
6512,3.656,-0.049,0.000
6537,3.656,-0.073,0.000
6560,3.655,-0.098,0.000
6583,3.656,-0.049,0.000
6606,3.656,-0.049,0.000
6629,3.656,-0.073,0.000
6653,3.656,-0.049,0.000
6676,3.656,-0.049,0.000
6699,3.655,-0.049,0.000
6722,3.656,-0.049,0.000
6746,3.656,-0.049,0.000
6769,3.656,-0.049,0.000
6792,3.656,-0.073,0.000
6815,3.656,-0.049,0.000
6840,3.655,-0.049,0.000
6863,3.656,-0.073,0.000
6886,3.656,-0.073,0.000
6909,3.656,-0.049,0.000
6932,3.655,-0.049,0.000
6955,3.656,-0.073,0.000
6978,3.656,-0.024,0.000
7001,3.656,-0.073,0.000
7024,3.656,-0.073,0.000
7049,3.656,-0.073,0.000
7073,3.655,-0.049,0.000
7096,3.655,-0.049,0.000
7119,3.656,-0.073,0.000
7142,3.655,-0.049,0.000
7166,3.656,-0.049,0.000
7189,3.656,-0.049,0.000
7212,3.655,-0.049,0.000
7235,3.656,-0.049,0.000
7259,3.655,-0.049,0.000
7282,3.656,-0.049,0.000
7305,3.655,-0.049,0.000
7328,3.655,-0.049,0.000
7352,3.656,-0.049,0.000
7375,3.656,-0.073,0.000
7398,3.656,-0.073,0.000
7421,3.655,-0.049,0.000
7444,3.655,-0.049,0.000
7467,3.655,-0.049,0.000
7490,3.656,-0.049,0.000
7513,3.654,-0.049,0.000
7536,3.655,-0.073,0.000
7561,3.656,-0.049,0.000
7584,3.655,-0.049,0.000
7607,3.655,-0.049,0.000
7630,3.655,-0.049,0.000
7653,3.655,-0.049,0.000
7677,3.655,-0.049,0.000
7700,3.656,-0.049,0.000
7723,3.655,-0.073,0.000
7746,3.655,-0.073,0.000
7770,3.655,-0.049,0.000
7793,3.655,-0.049,0.000
7816,3.655,-0.049,0.000
7839,3.655,-0.049,0.000
7864,3.655,-0.073,0.000
7887,3.655,-0.073,0.000
7910,3.654,-0.049,0.000
7933,3.655,-0.049,0.000
7956,3.655,-0.073,0.000
7979,3.655,-0.049,0.000
8002,3.654,-0.073,0.000
8025,3.655,-0.049,0.000
8048,3.655,-0.049,0.000
8073,3.654,-0.049,0.000
8096,3.654,-0.049,0.000
8120,3.655,-0.049,0.000
8143,3.656,-0.049,0.000
8166,3.655,-0.049,0.000
8190,3.655,-0.073,0.000
8213,3.655,-0.073,0.000
8236,3.655,-0.049,0.000
8259,3.655,-0.098,0.000
8283,3.656,-0.073,0.000
8306,3.655,-0.073,0.000
8329,3.655,-0.049,0.000
8352,3.655,-0.073,0.000
8376,3.655,-0.073,0.000
8399,3.655,-0.073,0.000
8422,3.655,-0.073,0.000
8445,3.656,-0.073,0.000
8468,3.656,-0.073,0.000
8491,3.656,-0.073,0.000
8514,3.655,-0.073,0.000
8537,3.655,-0.073,0.000
8560,3.656,-0.073,0.000
8584,3.655,-0.073,0.000
8607,3.655,-0.098,0.000
8630,3.656,-0.073,0.000
8653,3.656,-0.073,0.000
8676,3.658,-0.098,0.000
8700,3.656,-0.073,0.000
8723,3.655,-0.073,0.000
8746,3.656,-0.049,0.000
8769,3.656,-0.049,0.000
8792,3.655,-0.049,0.000
8815,3.655,-0.073,0.000
8838,3.655,-0.073,0.000
8861,3.655,-0.073,0.000
8884,3.656,-0.073,0.000
8907,3.656,-0.073,0.000
8930,3.655,-0.073,0.000
8953,3.656,-0.073,0.000
8976,3.655,-0.073,0.000
8999,3.655,-0.073,0.000
9022,3.656,-0.073,0.000
9045,3.655,-0.073,0.000
9068,3.656,-0.073,0.000
9091,3.655,-0.098,0.000
9114,3.656,-0.049,0.000
9137,3.656,-0.049,0.000
9160,3.656,-0.073,0.000
9183,3.656,-0.049,0.000
9207,3.656,-0.073,0.000
9230,3.655,-0.073,0.000
9253,3.656,-0.049,0.000
9276,3.655,-0.049,0.000
9299,3.656,-0.049,0.000
9322,3.656,-0.024,0.000
9345,3.656,-0.024,0.000
9368,3.655,-0.049,0.000
9391,3.656,-0.049,0.000
9414,3.655,-0.024,0.000
9437,3.656,-0.024,0.000
9460,3.655,-0.024,0.000
9483,3.656,-0.024,0.000
9506,3.656,-0.024,0.000
9529,3.658,-0.024,0.000
9552,3.655,-0.024,0.000
9575,3.656,-0.024,0.000
9598,3.655,0.000,0.000
9621,3.250,19.580,62.256
9644,3.536,6.641,23.193
9667,3.324,20.190,64.697
9690,3.509,8.203,29.297
9714,3.510,8.228,29.297
9737,3.509,8.228,29.297
9760,3.510,8.203,29.297
9783,3.509,8.203,29.297
9807,3.510,8.105,28.076
9830,3.510,8.105,28.687
9853,3.510,8.105,28.687
9876,3.511,8.105,28.687
9899,3.170,27.075,84.229
9922,3.150,23.657,73.242
9945,3.290,18.237,42.114
9968,3.152,27.148,85.449
9991,3.533,7.056,25.024
10014,3.286,22.046,71.411
10037,3.286,23.462,62.256
10060,3.535,7.031,25.024
10083,3.481,10.205,35.400
10106,3.481,10.229,36.011
10129,3.656,-0.024,0.000
10152,3.656,-0.024,0.000
10175,3.656,-0.024,0.000
10198,3.656,-0.024,0.000
10221,3.656,-0.049,0.000
10244,3.656,-0.024,0.000
10267,3.656,-0.024,0.000
10290,3.656,-0.024,0.000
10313,3.656,-0.024,0.000
10336,3.656,-0.024,0.000
10359,3.656,-0.024,0.000
10382,3.658,-0.024,0.000
10405,3.656,-0.024,0.000
10431,3.656,-0.049,0.000
10454,3.655,-0.024,0.000
10477,3.656,-0.024,0.000
10500,3.656,-0.024,0.000
10524,3.658,-0.024,0.000
10547,3.656,0.000,0.000
10570,3.656,-0.024,0.000
10593,3.656,0.000,0.000
10616,3.656,-0.024,0.000
10639,3.656,-0.049,0.000
10662,3.656,-0.024,0.000
10685,3.655,-0.024,0.000
10708,3.656,-0.024,0.000
10731,3.656,-0.024,0.000
10754,3.656,-0.024,0.000
10777,3.656,-0.024,0.000
10800,3.656,-0.049,0.000
10823,3.656,-0.024,0.000
10846,3.656,-0.024,0.000
10869,3.656,-0.024,0.000
10892,3.656,-0.024,0.000
10915,3.656,-0.049,0.000
10938,3.656,-0.049,0.000
10961,3.656,-0.024,0.000
10984,3.656,-0.024,0.000
11007,3.656,-0.049,0.000
11030,3.658,-0.024,0.000
11053,3.655,-0.024,0.000
11076,3.656,-0.024,0.000
11099,3.656,-0.049,0.000
11122,3.655,-0.049,0.000
11145,3.656,-0.024,0.000
11168,3.656,-0.049,0.000
11191,3.656,-0.024,0.000
11214,3.656,-0.049,0.000
11237,3.658,-0.073,0.000
11261,3.656,-0.049,0.000
11284,3.658,-0.073,0.000
11307,3.658,-0.073,0.000
11330,3.656,-0.049,0.000
11354,3.658,-0.073,0.000
11377,3.658,-0.098,0.000
11400,3.656,-0.073,0.000
11423,3.656,-0.073,0.000
11448,3.656,-0.049,0.000
11471,3.658,-0.098,0.000
11494,3.656,-0.073,0.000
11517,3.656,-0.049,0.000
11540,3.656,-0.073,0.000
11564,3.656,-0.073,0.000
11587,3.658,-0.073,0.000
11610,3.658,-0.073,0.000
11633,3.656,-0.073,0.000
11656,3.658,-0.073,0.000
11679,3.656,-0.073,0.000
11702,3.656,-0.073,0.000
11725,3.658,-0.073,0.000
11748,3.658,-0.073,0.000
11771,3.658,-0.073,0.000
11794,3.658,-0.073,0.000
11817,3.658,-0.073,0.000
11840,3.658,-0.073,0.000
11863,3.658,-0.073,0.000
11886,3.658,-0.049,0.000
11909,3.656,-0.073,0.000
11932,3.656,-0.073,0.000
11955,3.658,-0.098,0.000
11979,3.658,-0.073,0.000
12002,3.658,-0.098,0.000
12025,3.658,-0.049,0.000
12048,3.656,-0.073,0.000
12072,3.656,-0.073,0.000
12095,3.658,-0.073,0.000
12118,3.658,-0.073,0.000
12141,3.658,-0.073,0.000
12165,3.658,-0.073,0.000
12188,3.658,-0.073,0.000
12211,3.658,-0.073,0.000
12234,3.656,-0.049,0.000
12257,3.658,-0.073,0.000
12281,3.658,-0.073,0.000
12304,3.658,-0.073,0.000
12327,3.658,-0.073,0.000
12350,3.658,-0.098,0.000
12373,3.658,-0.098,0.000
12396,3.658,-0.098,0.000
12419,3.656,-0.073,0.000
12442,3.659,-0.073,0.000
12465,3.656,-0.073,0.000
12489,3.658,-0.098,0.000
12512,3.658,-0.073,0.000
12535,3.658,-0.073,0.000
12558,3.656,-0.073,0.000
12581,3.658,-0.073,0.000
12604,3.658,-0.073,0.000
12627,3.656,-0.098,0.000
12650,3.656,-0.073,0.000
12673,3.656,-0.073,0.000
12696,3.658,-0.073,0.000
12719,3.656,-0.049,0.000
12742,3.658,-0.073,0.000
12765,3.658,-0.073,0.000
12789,3.658,-0.073,0.000
12812,3.656,-0.049,0.000
12835,3.656,-0.049,0.000
12858,3.656,-0.073,0.000
12882,3.656,-0.049,0.000
12905,3.658,-0.073,0.000
12928,3.656,-0.073,0.000
12951,3.658,-0.073,0.000
12974,3.658,-0.073,0.000
12998,3.658,-0.049,0.000
13021,3.658,-0.073,0.000
13044,3.658,-0.073,0.000
13067,3.658,-0.073,0.000
13091,3.658,-0.098,0.000
13114,3.656,-0.049,0.000
13137,3.656,-0.073,0.000
13160,3.656,-0.049,0.000
13183,3.658,-0.073,0.000
13206,3.658,-0.073,0.000
13229,3.656,-0.049,0.000
13252,3.658,-0.073,0.000
13275,3.658,-0.073,0.000
13299,3.658,-0.073,0.000
13322,3.656,-0.073,0.000
13345,3.658,-0.073,0.000
13368,3.656,-0.073,0.000
13392,3.656,-0.049,0.000
13415,3.656,-0.073,0.000
13438,3.656,-0.073,0.000
13461,3.656,-0.073,0.000
13484,3.655,-0.049,0.000
13507,3.626,1.270,4.883
13530,3.575,5.078,18.311
13553,3.566,5.298,18.921
13576,3.571,4.639,15.869
13599,3.516,8.057,28.687
13622,3.515,8.130,29.297
13645,3.517,8.081,28.687
13668,3.519,8.057,28.076
13691,3.519,7.983,28.076
13715,3.520,7.983,28.076
13738,3.521,7.910,28.076
13761,3.520,7.959,28.076
13784,3.382,12.988,42.114
13808,3.151,24.805,76.904
13831,3.537,6.934,23.804
13854,3.264,25.732,83.618
13877,2.774,29.395,81.177
13900,2.793,30.151,84.229
13924,2.785,30.371,84.839
13947,2.774,30.249,84.229
13970,2.795,30.127,84.229
13993,3.533,4.565,15.869
14017,3.655,-0.024,0.000
14040,3.656,-0.049,0.000
14063,3.655,-0.049,0.000
14087,3.656,-0.049,0.000
14110,3.655,-0.049,0.000
14133,3.656,-0.049,0.000
14156,3.656,-0.073,0.000
14179,3.655,-0.049,0.000
14202,3.655,-0.073,0.000
14226,3.655,-0.073,0.000
14249,3.656,-0.049,0.000
14272,3.655,-0.073,0.000
14295,3.655,-0.073,0.000
14319,3.655,-0.073,0.000
14342,3.656,-0.049,0.000
14365,3.655,-0.049,0.000
14388,3.656,-0.073,0.000
14411,3.655,-0.049,0.000
14435,3.656,-0.073,0.000
14458,3.655,-0.073,0.000
14481,3.656,-0.049,0.000
14504,3.655,-0.073,0.000
14527,3.655,-0.049,0.000
14550,3.655,-0.073,0.000
14573,3.655,-0.073,0.000
14596,3.655,-0.049,0.000
14619,3.655,-0.073,0.000
14642,3.655,-0.049,0.000
14665,3.655,-0.049,0.000
14688,3.655,-0.049,0.000
14711,3.655,-0.049,0.000
14735,3.655,-0.073,0.000
14758,3.655,-0.073,0.000
14781,3.655,-0.073,0.000
14804,3.655,-0.073,0.000
14827,3.655,-0.073,0.000
14850,3.655,-0.073,0.000
14873,3.655,-0.098,0.000
14896,3.655,-0.073,0.000
14919,3.655,-0.073,0.000
14943,3.655,-0.073,0.000
14966,3.655,-0.073,0.000
14989,3.655,-0.073,0.000
15012,3.655,-0.049,0.000
15037,3.656,-0.098,0.000
15060,3.654,-0.073,0.000
15083,3.655,-0.073,0.000
15106,3.655,-0.098,0.000
15129,3.654,-0.073,0.000
15153,3.655,-0.049,0.000
15176,3.654,-0.073,0.000
15199,3.654,-0.073,0.000
15222,3.655,-0.073,0.000
15246,3.654,-0.073,0.000
15269,3.655,-0.073,0.000
15292,3.654,-0.049,0.000
15316,3.654,-0.073,0.000
15339,3.655,-0.073,0.000
15363,3.655,-0.073,0.000
15386,3.654,-0.073,0.000
15409,3.655,-0.073,0.000
15432,3.654,-0.073,0.000
15456,3.654,-0.049,0.000
15479,3.654,-0.073,0.000
15502,3.654,-0.073,0.000
15525,3.655,-0.073,0.000
15548,3.654,-0.073,0.000
15571,3.655,-0.098,0.000
15594,3.655,-0.073,0.000
15617,3.654,-0.073,0.000
15640,3.654,-0.073,0.000
15663,3.654,-0.073,0.000
15686,3.654,-0.049,0.000
15709,3.654,-0.073,0.000
15732,3.654,-0.073,0.000
15756,3.654,-0.073,0.000
15779,3.654,-0.049,0.000
15802,3.654,-0.049,0.000
15825,3.652,-0.073,0.000
15849,3.654,-0.073,0.000
15873,3.654,-0.073,0.000
15896,3.654,-0.073,0.000
15919,3.654,-0.073,0.000
15942,3.655,-0.073,0.000
15966,3.655,-0.073,0.000
15989,3.654,-0.073,0.000
16012,3.654,-0.049,0.000
16035,3.654,-0.073,0.000
16060,3.654,-0.073,0.000
16083,3.654,-0.073,0.000
16106,3.652,-0.049,0.000
16129,3.652,-0.073,0.000
16152,3.652,-0.073,0.000
16176,3.652,-0.049,0.000
16199,3.654,-0.073,0.000
16222,3.652,-0.049,0.000
16245,3.652,-0.073,0.000
16269,3.652,-0.049,0.000
16292,3.652,-0.073,0.000
16315,3.652,-0.049,0.000
16338,3.652,-0.049,0.000
16363,3.652,-0.073,0.000
16386,3.652,-0.073,0.000
16409,3.651,-0.049,0.000
16432,3.652,-0.049,0.000
16455,3.652,-0.098,0.000
16479,3.652,-0.049,0.000
16502,3.652,-0.049,0.000
16525,3.651,-0.073,0.000
16548,3.652,-0.049,0.000
16571,3.650,-0.049,0.000
16595,3.651,-0.049,0.000
16618,3.651,-0.073,0.000
16641,3.651,-0.073,0.000
16664,3.651,-0.049,0.000
16688,3.650,-0.049,0.000
16711,3.651,-0.049,0.000
16734,3.650,-0.049,0.000
16757,3.650,-0.024,0.000
16781,3.650,-0.024,0.000
16804,3.225,4.688,16.479
16827,3.477,6.519,23.193
16850,3.529,4.517,16.479
16875,3.435,8.081,28.076
16898,3.435,8.081,28.076
16921,3.434,8.057,28.076
16944,3.432,8.057,28.076
16967,3.435,8.032,27.466
16991,3.435,7.959,27.466
17014,3.434,7.983,26.855
17037,3.434,7.959,26.855
17060,3.230,17.871,55.542
17084,2.951,23.315,68.359
17107,3.455,6.909,23.804
17130,3.146,16.821,51.880
17153,3.182,17.676,54.932
17176,3.454,6.909,23.804
17199,2.944,22.949,69.580
17222,2.939,24.170,72.021
17245,3.246,9.741,31.738
17268,3.263,9.766,31.738
17292,3.251,4.468,15.259
17315,3.491,-0.073,0.000
17338,3.499,-0.073,0.000
17361,3.480,-0.049,0.000
17385,3.477,-0.073,0.000
17408,3.444,-0.049,0.000
17431,3.447,-0.073,0.000
17454,3.443,-0.049,0.000
17477,3.441,-0.049,0.000
17500,3.441,-0.073,0.000
17523,3.446,-0.049,0.000
17546,3.438,-0.049,0.000
17569,3.425,-0.073,0.000
17592,3.428,-0.073,0.000
17615,3.428,-0.073,0.000
17638,3.426,-0.073,0.000
17661,3.426,-0.073,0.000
17684,3.425,-0.098,0.000
17707,3.429,-0.049,0.000
17730,3.428,-0.073,0.000
17753,3.429,-0.073,0.000
17776,3.426,-0.073,0.000
17800,3.429,-0.073,0.000
17823,3.421,-0.073,0.000
17846,3.418,-0.073,0.000
17869,3.419,-0.073,0.000
17892,3.419,-0.073,0.000
17915,3.419,-0.073,0.000
17938,3.426,-0.073,0.000
17961,3.422,-0.073,0.000
17984,3.425,-0.073,0.000
18009,3.426,-0.073,0.000
18032,3.425,-0.098,0.000
18055,3.422,-0.073,0.000
18078,3.419,-0.073,0.000
18103,3.418,-0.098,0.000
18127,3.422,-0.073,0.000
18150,3.434,-0.098,0.000
18173,3.430,-0.098,0.000
18196,3.434,-0.073,0.000
18219,3.438,-0.073,0.000
18242,3.436,-0.073,0.000
18265,3.436,-0.098,0.000
18288,3.436,-0.073,0.000
18311,3.428,-0.073,0.000
18335,3.431,-0.098,0.000
18358,3.428,-0.073,0.000
18381,3.428,-0.073,0.000
18404,3.432,-0.073,0.000
18428,3.426,-0.073,0.000
18451,3.425,-0.073,0.000
18474,3.425,-0.073,0.000
18497,3.429,-0.073,0.000
18520,3.428,-0.073,0.000
18543,3.415,-0.073,0.000
18566,3.414,-0.073,0.000
18589,3.415,-0.073,0.000
18612,3.412,-0.049,0.000
18635,3.420,-0.098,0.000
18658,3.412,-0.073,0.000
18681,3.415,-0.098,0.000
18704,3.415,-0.073,0.000
18728,3.416,-0.073,0.000
18751,3.420,-0.073,0.000
18774,3.416,-0.049,0.000
18797,3.420,-0.073,0.000
18821,3.416,-0.073,0.000
18844,3.418,-0.073,0.000
18867,3.416,-0.073,0.000
18890,3.414,-0.073,0.000
18913,3.409,-0.049,0.000
18936,3.411,-0.073,0.000
18959,3.416,-0.073,0.000
18982,3.406,-0.049,0.000
19005,3.406,-0.073,0.000
19028,3.416,-0.073,0.000
19051,3.418,-0.049,0.000
19074,3.419,-0.073,0.000
19097,3.421,-0.098,0.000
19120,3.420,-0.073,0.000
19143,3.411,-0.073,0.000
19166,3.416,-0.073,0.000
19189,3.416,-0.073,0.000
19212,3.420,-0.049,0.000
19235,3.422,-0.073,0.000
19258,3.421,-0.049,0.000
19281,3.422,-0.073,0.000
19304,3.422,-0.073,0.000
19327,3.421,-0.049,0.000
19350,3.421,-0.073,0.000
19373,3.420,-0.073,0.000
19396,3.422,-0.073,0.000
19419,3.422,-0.073,0.000
19443,3.421,-0.073,0.000
19466,3.421,-0.073,0.000
19489,3.425,-0.098,0.000
19512,3.426,-0.073,0.000
19535,3.426,-0.098,0.000
19558,3.424,-0.049,0.000
19581,3.422,-0.049,0.000
19604,3.422,-0.073,0.000
19627,3.421,-0.049,0.000
19650,3.421,-0.073,0.000
19673,3.418,-0.073,0.000
19696,3.412,-0.073,0.000
19719,3.415,-0.049,0.000
19742,3.415,-0.073,0.000
19765,3.415,-0.049,0.000
19788,3.416,-0.073,0.000
19811,3.411,-0.073,0.000
19834,3.411,-0.073,0.000
19857,3.414,-0.073,0.000
19880,3.412,-0.073,0.000
19903,3.411,-0.073,0.000
19926,3.416,-0.073,0.000
19949,3.418,-0.049,0.000
19972,3.416,-0.073,0.000
19995,3.416,-0.049,0.000
20018,3.409,-0.073,0.000
20041,3.408,-0.049,0.000
20064,3.406,-0.073,0.000
20087,3.421,-0.073,0.000
20110,3.421,-0.098,0.000
20133,3.422,-0.073,0.000
20157,3.422,-0.073,0.000
20180,3.422,-0.073,0.000
20203,3.411,-0.098,0.000
20226,3.418,-0.073,0.000
20249,3.415,-0.073,0.000
20272,3.411,-0.098,0.000
20295,3.412,-0.073,0.000
20318,3.410,-0.073,0.000
20341,3.414,-0.073,0.000
20364,3.412,-0.049,0.000
20387,3.411,-0.073,0.000
20410,3.409,-0.049,0.000
20433,3.410,-0.073,0.000
20456,3.408,-0.073,0.000
20479,3.415,-0.073,0.000
20502,3.404,-0.098,0.000
20525,3.402,-0.073,0.000
20548,3.404,-0.073,0.000
20571,3.406,-0.073,0.000
20594,3.400,-0.073,0.000
20617,3.400,-0.073,0.000
20640,3.404,-0.073,0.000
20663,3.406,-0.073,0.000
20686,3.404,-0.073,0.000
20709,3.401,-0.073,0.000
20732,3.402,-0.073,0.000
20755,3.404,-0.073,0.000
20779,3.404,-0.098,0.000
20802,3.402,-0.073,0.000
20825,3.404,-0.049,0.000
20848,3.405,-0.098,0.000
20873,3.401,-0.073,0.000
20896,3.404,-0.073,0.000
20919,3.402,-0.049,0.000
20942,3.401,-0.073,0.000
20965,3.405,-0.073,0.000
20989,3.409,-0.073,0.000
21012,3.410,-0.073,0.000
21035,3.410,-0.073,0.000
21058,3.406,-0.073,0.000
21082,3.411,-0.073,0.000
21105,3.411,-0.073,0.000
21128,3.415,-0.073,0.000
21151,3.420,-0.073,0.000
21176,3.418,-0.073,0.000
21199,3.419,-0.073,0.000
21222,3.419,-0.073,0.000
21245,3.419,-0.049,0.000
21268,3.419,-0.073,0.000
21292,3.422,-0.049,0.000
21315,3.424,-0.073,0.000
21338,3.419,-0.073,0.000
21361,3.418,-0.049,0.000
21386,3.415,-0.073,0.000
21409,3.419,-0.073,0.000
21432,3.414,-0.073,0.000
21455,3.415,-0.073,0.000
21478,3.415,-0.049,0.000
21502,3.414,-0.073,0.000
21525,3.415,-0.073,0.000
21548,3.415,-0.073,0.000
21571,3.411,-0.073,0.000
21595,3.411,-0.073,0.000
21618,3.408,-0.073,0.000
21641,3.408,-0.098,0.000
21664,3.406,-0.073,0.000
21688,3.408,-0.073,0.000
21711,3.410,-0.073,0.000
21734,3.414,-0.073,0.000
21757,3.412,-0.049,0.000
21780,3.412,-0.073,0.000
21804,3.412,-0.049,0.000
21827,3.411,-0.073,0.000
21850,3.414,-0.073,0.000
21873,3.411,-0.073,0.000
21897,3.411,-0.098,0.000
21920,3.409,-0.073,0.000
21943,3.412,-0.073,0.000
21966,3.408,-0.073,0.000
21989,3.402,-0.049,0.000
22013,3.402,-0.073,0.000
22036,3.402,-0.073,0.000
22059,3.399,-0.049,0.000
22082,3.405,-0.073,0.000
22106,3.401,-0.073,0.000
22129,3.399,-0.073,0.000
22152,3.400,-0.073,0.000
22175,3.399,-0.073,0.000
[0;32mI (22708) wifi:<ba-add>idx:0 (ifx:0, 30:96:10:88:01:0c), tid:0, ssn:1, winSize:64[0m
22200,3.398,-0.049,0.000
22224,3.401,-0.049,0.000
22247,3.400,-0.073,0.000
22271,3.404,-0.073,0.000
22294,3.404,-0.049,0.000
22318,3.404,-0.073,0.000
22341,3.400,-0.049,0.000
22364,3.399,-0.049,0.000
22387,3.396,-0.073,0.000
22412,3.399,-0.073,0.000
22435,3.399,-0.073,0.000
22458,3.395,-0.049,0.000
22481,3.398,-0.049,0.000
22505,3.394,-0.049,0.000
22528,3.395,-0.049,0.000
22551,3.400,-0.049,0.000
22574,3.404,-0.049,0.000
22597,3.404,-0.049,0.000
22621,3.405,-0.024,0.000
22644,3.405,0.000,0.000
22667,3.283,3.931,12.817
22690,3.234,7.642,20.752
22713,2.999,16.943,47.607
22736,3.197,8.154,26.245
22759,3.199,8.154,26.245
22782,3.196,8.130,26.245
22805,3.195,8.154,26.245
22829,3.201,8.154,26.245
22852,3.197,8.032,26.245
22875,3.199,8.057,26.245
22898,3.204,8.032,26.245
22923,3.205,8.032,26.245
22946,2.870,23.389,67.139
22969,2.757,22.949,62.866
22992,2.977,17.725,51.270
23016,2.832,23.828,66.528
23040,3.226,6.982,23.193
23063,2.974,19.214,55.542
23086,2.902,17.871,53.101
23109,3.240,7.007,23.193
23133,3.169,9.912,31.128
23156,3.168,9.912,31.128
23179,3.410,-0.049,0.000
23202,3.405,-0.024,0.000
23225,3.402,-0.024,0.000
23248,3.405,-0.024,0.000
23271,3.402,-0.024,0.000
23294,3.402,-0.049,0.000
23317,3.405,-0.024,0.000
23341,3.411,-0.024,0.000
23364,3.410,-0.049,0.000
23387,3.414,-0.049,0.000
23410,3.412,-0.049,0.000
23435,3.420,-0.024,0.000
23458,3.419,-0.049,0.000
23481,3.421,-0.049,0.000
23504,3.410,-0.073,0.000
23528,3.404,-0.073,0.000
23551,3.412,-0.073,0.000
23574,3.415,-0.073,0.000
23597,3.409,-0.073,0.000
23620,3.405,-0.073,0.000
23644,3.406,-0.073,0.000
23667,3.408,-0.073,0.000
23690,3.409,-0.049,0.000
23713,3.409,-0.073,0.000
23736,3.411,-0.073,0.000
23759,3.409,-0.049,0.000
23782,3.408,-0.049,0.000
23805,3.418,-0.049,0.000
23828,3.418,-0.073,0.000
23851,3.416,-0.049,0.000
23874,3.409,-0.049,0.000
23897,3.406,-0.049,0.000
23920,3.411,-0.073,0.000
23944,3.415,-0.049,0.000
23967,3.418,-0.073,0.000
23990,3.414,-0.073,0.000
24013,3.409,-0.073,0.000
24036,3.414,-0.073,0.000
24060,3.411,-0.073,0.000
24083,3.406,-0.073,0.000
24106,3.409,-0.049,0.000
24129,3.409,-0.073,0.000
24153,3.404,-0.098,0.000
24176,3.405,-0.073,0.000
24199,3.411,-0.073,0.000
24222,3.414,-0.049,0.000
24247,3.415,-0.073,0.000
24270,3.415,-0.073,0.000
24293,3.402,-0.073,0.000
24316,3.405,-0.049,0.000
24339,3.405,-0.073,0.000
24362,3.408,-0.073,0.000
24385,3.408,-0.049,0.000
24408,3.398,-0.073,0.000
24431,3.404,-0.073,0.000
24454,3.404,-0.098,0.000
24477,3.405,-0.073,0.000
24500,3.405,-0.073,0.000
24523,3.405,-0.073,0.000
24546,3.405,-0.098,0.000
24570,3.405,-0.073,0.000
24593,3.405,-0.098,0.000
24616,3.405,-0.098,0.000
24639,3.402,-0.073,0.000
24662,3.406,-0.098,0.000
24685,3.406,-0.073,0.000
24708,3.408,-0.049,0.000
24731,3.405,-0.073,0.000
24754,3.412,-0.049,0.000
24778,3.416,-0.049,0.000
24801,3.415,-0.049,0.000
24824,3.419,-0.049,0.000
24847,3.415,-0.049,0.000
24871,3.412,-0.049,0.000
24894,3.410,-0.049,0.000
24917,3.410,-0.049,0.000
24940,3.412,-0.049,0.000
24965,3.415,-0.073,0.000
24988,3.410,-0.049,0.000
25011,3.415,-0.049,0.000
25034,3.418,-0.049,0.000
25057,3.416,-0.049,0.000
25081,3.415,-0.049,0.000
25104,3.410,-0.049,0.000
25127,3.412,-0.024,0.000
25150,3.420,-0.024,0.000
25175,3.419,-0.024,0.000
25198,3.419,-0.049,0.000
25221,3.420,-0.024,0.000
25244,3.416,-0.049,0.000
25267,3.414,-0.024,0.000
25291,3.415,-0.024,0.000
25314,3.415,-0.024,0.000
25337,3.418,-0.024,0.000
25360,3.409,-0.024,0.000
25384,3.412,-0.024,0.000
25407,3.415,-0.024,0.000
25430,3.416,-0.024,0.000
25453,3.411,0.000,0.000
25477,3.410,0.000,0.000
25500,3.409,0.000,0.000
25523,3.411,0.000,0.000
25546,3.410,-0.024,0.000
25569,3.411,0.000,0.000
25593,3.409,-0.024,0.000
25616,3.411,0.000,0.000
25639,3.411,0.000,0.000
25662,3.070,13.599,39.062
25687,3.251,6.665,21.973
25710,3.267,11.084,15.259
25733,3.213,8.203,26.245
25756,3.213,8.228,26.245
25779,3.210,8.228,26.245
25803,3.206,8.179,26.245
25826,3.207,8.130,26.245
25849,3.210,8.105,26.245
25872,3.210,8.105,26.245
25896,3.206,8.081,26.245
25919,3.050,12.744,37.231
25942,2.703,23.340,62.256
25965,2.884,7.080,23.193
25989,2.926,19.702,54.932
26012,2.826,22.266,62.256
26035,3.227,7.031,23.193
26058,2.691,27.417,72.632
26081,2.871,22.388,61.646
26105,3.214,7.642,25.024
26128,3.144,10.010,31.738
26151,3.139,10.059,31.738
26174,3.400,-0.024,0.000
26199,3.400,-0.024,0.000
26222,3.405,-0.024,0.000
26245,3.404,-0.024,0.000
26268,3.404,-0.024,0.000
26291,3.402,-0.049,0.000
26315,3.405,-0.024,0.000
26338,3.405,-0.024,0.000
26361,3.406,-0.049,0.000
26384,3.406,-0.049,0.000
26408,3.411,-0.073,0.000
26431,3.406,-0.073,0.000
26454,3.412,-0.049,0.000
26477,3.412,-0.049,0.000
26501,3.409,-0.049,0.000
26524,3.411,-0.024,0.000
26547,3.405,-0.049,0.000
26570,3.411,-0.024,0.000
26593,3.416,-0.049,0.000
26617,3.404,-0.049,0.000
26640,3.418,-0.049,0.000
26663,3.408,-0.049,0.000
26686,3.410,-0.049,0.000
26711,3.412,-0.073,0.000
26734,3.411,-0.024,0.000
26757,3.409,-0.049,0.000
26780,3.410,-0.073,0.000
26803,3.408,-0.073,0.000
26827,3.405,-0.024,0.000
26850,3.406,-0.049,0.000
26873,3.406,-0.049,0.000
26896,3.401,-0.024,0.000
26920,3.402,-0.049,0.000
26943,3.408,-0.049,0.000
26966,3.409,-0.049,0.000
26989,3.408,-0.024,0.000
27013,3.401,-0.049,0.000
27036,3.402,-0.049,0.000
27059,3.406,-0.024,0.000
27082,3.405,-0.024,0.000
27105,3.408,-0.024,0.000
27129,3.411,-0.024,0.000
27152,3.410,0.000,0.000
27175,3.406,-0.024,0.000
27198,3.402,-0.049,0.000
27223,3.398,-0.024,0.000
27246,3.402,-0.049,0.000
27269,3.402,-0.024,0.000
27292,3.406,-0.024,0.000
27315,3.406,-0.024,0.000
27339,3.401,-0.024,0.000
27362,3.410,-0.024,0.000
27385,3.408,-0.024,0.000
27408,3.409,-0.024,0.000
27432,3.410,-0.024,0.000
27455,3.410,0.000,0.000
27478,3.410,-0.024,0.000
27501,3.411,-0.024,0.000
27525,3.409,0.000,0.000
27548,3.410,-0.024,0.000
27571,3.401,0.000,0.000
27594,3.411,0.000,0.000
27617,3.411,-0.024,0.000
27641,3.409,0.024,0.000
27664,2.819,19.141,51.880
27687,3.189,6.665,20.752
27710,2.892,4.614,15.259
27735,3.155,8.179,26.245
27758,3.155,8.203,26.245
27781,3.158,8.179,26.245
27804,3.158,8.203,26.245
27827,3.155,8.203,26.245
27851,3.171,7.593,36.011
27874,3.041,12.280,37.231
27897,3.041,12.280,37.231
27920,3.040,12.305,37.231
27944,3.043,12.329,37.231
27967,3.037,12.329,37.231
27990,3.039,12.305,37.231
28013,3.041,12.329,37.231
28037,3.033,12.329,37.231
28060,3.169,7.397,23.193
28083,3.175,7.251,23.193
28106,3.178,7.275,23.193
28129,3.179,7.275,23.193
28153,3.180,7.178,23.193
28176,3.189,7.178,23.193
28199,3.189,10.767,33.569
28222,3.055,12.085,37.231
28247,3.055,12.085,37.231
28270,3.054,12.109,37.231
28293,3.060,12.109,37.231
28316,3.054,12.109,37.231
28339,3.053,12.085,37.231
28363,3.051,12.085,37.231
28386,3.051,12.109,37.231
28409,3.186,7.129,23.193
28432,3.195,7.129,23.193
28456,3.182,7.153,23.193
28479,3.184,7.129,23.193
28502,3.189,7.153,23.193
28525,3.193,7.104,23.193
28549,2.973,11.694,32.959
28572,2.555,28.467,73.242
28595,2.557,28.760,73.242
28618,2.537,29.321,74.463
28641,2.523,29.980,76.294
28665,2.520,30.273,76.294
28688,2.515,30.347,76.294
28711,2.517,30.371,76.294
28734,2.520,30.371,76.294
28759,2.509,30.298,76.294
28782,2.509,30.298,76.294
28805,2.509,30.225,76.294
28828,2.515,30.127,76.294
28851,2.520,30.078,76.294
28875,2.517,29.932,75.073
28898,2.525,29.834,75.073
28921,2.549,29.907,76.294
28944,2.560,29.834,76.294
28968,2.556,29.639,76.294
28991,2.570,29.443,76.294
29014,2.576,29.321,76.294
29037,2.579,29.224,75.073
29061,2.578,29.028,75.073
29084,2.581,28.833,74.463
29107,2.581,28.760,73.853
29130,2.584,28.589,73.853
29153,2.594,28.418,73.853
29177,2.604,28.223,73.242
29200,2.611,28.027,73.242
29223,2.618,27.832,73.242
29246,2.622,27.661,72.632
29271,2.621,27.539,72.021
29294,2.629,27.368,72.021
29317,2.635,27.197,72.021
29340,2.641,26.929,70.801
29363,2.652,26.611,70.801
29387,2.645,26.733,70.801
29410,2.632,26.758,70.190
29433,2.642,26.831,70.801
29456,2.642,26.855,70.801
29480,2.652,26.953,71.411
29503,2.672,27.124,72.632
29526,2.737,27.930,74.463
29549,2.591,28.906,75.073
29573,3.260,5.127,17.090
29596,3.279,4.150,14.038
29619,3.266,4.858,15.869
29642,3.240,5.615,17.700
29665,3.243,5.640,17.700
29690,3.243,5.615,17.700
29713,3.247,5.615,17.700
29736,3.247,5.518,17.700
29759,3.249,5.518,17.700
29783,3.246,5.518,17.700
29806,3.244,5.493,17.700
29829,3.245,5.493,17.700
29852,2.549,29.980,76.294
29875,2.546,29.956,76.294
29899,2.601,29.956,78.125
29922,3.178,7.959,25.024
29945,3.172,8.057,25.635
29968,3.375,0.098,0.000
29992,3.374,0.098,0.000
30015,3.372,0.073,0.000
30038,3.374,0.073,0.000
30061,3.372,0.098,0.000
30085,3.374,0.098,0.000
30108,3.371,0.098,0.000
30131,3.370,0.073,0.000
30154,3.374,0.073,0.000
30177,3.371,0.073,0.000
30201,3.375,0.098,0.000
30224,3.371,0.098,0.000
30247,3.369,0.073,0.000
30270,3.379,0.073,0.000
30295,3.380,0.073,0.000
30318,3.378,0.073,0.000
30341,3.380,0.098,0.000
30364,3.380,0.098,0.000
30387,3.381,0.098,0.000
30411,3.378,0.073,0.000
30434,3.379,0.098,0.000
30457,3.384,0.098,0.000
30480,3.386,0.073,0.000
30504,3.386,0.073,0.000
30527,3.382,0.073,0.000
30550,3.379,0.073,0.000
30573,3.379,0.073,0.000
30597,3.382,0.098,0.000
30620,3.382,0.098,0.000
30643,3.382,0.073,0.000
30666,3.382,0.073,0.000
30689,3.386,0.073,0.000
30713,3.390,0.073,0.000
30736,3.380,0.073,0.000
30759,3.376,0.073,0.000
30782,3.385,0.073,0.000
30807,3.386,0.098,0.000
30830,3.382,0.073,0.000
30853,3.381,0.049,0.000
30876,3.385,0.073,0.000
30899,3.381,0.098,0.000
30923,3.385,0.098,0.000
30946,3.382,0.073,0.000
30969,3.382,0.098,0.000
30992,3.382,0.073,0.000
31016,3.386,0.098,0.000
31039,3.388,0.098,0.000
31062,3.388,0.098,0.000
31085,3.386,0.098,0.000
31109,3.294,4.028,12.817
31132,3.260,4.810,15.869
31155,3.275,3.979,12.817
31178,3.254,4.639,15.259
31201,3.241,5.493,17.700
31225,3.239,5.542,17.700
31248,3.244,5.469,17.700
31271,3.253,5.420,17.700
31294,3.271,5.444,17.700
31319,3.276,5.420,17.700
31342,3.276,5.420,17.700
31365,3.273,5.444,17.700
31388,2.723,22.144,58.594
31411,2.619,28.687,75.073
31435,2.609,28.687,75.073
31458,3.221,7.788,25.024
31481,3.219,7.788,25.024
31504,3.237,7.861,1.221
31528,3.420,0.073,0.000
31551,3.420,0.098,0.000
31574,3.419,0.098,0.000
31597,3.421,0.098,0.000
31621,3.422,0.073,0.000
31644,3.416,0.073,0.000
31667,3.420,0.073,0.000
31690,3.416,0.049,0.000
31713,3.429,0.098,0.000
31737,3.429,0.098,0.000
31760,3.428,0.098,0.000
31783,3.425,0.073,0.000
31806,3.429,0.073,0.000
31831,3.445,0.073,0.000
31854,3.459,0.073,0.000
31877,3.447,0.073,0.000
31900,3.473,0.098,0.000
31923,3.475,0.073,0.000
31947,3.475,0.098,0.000
31970,3.470,0.122,0.000
31993,3.466,2.588,9.155
32016,3.328,4.785,15.869
32040,3.359,4.077,14.038
32063,3.346,4.492,16.479
32086,3.315,5.518,17.700
32109,3.315,5.518,17.700
32133,3.315,5.518,17.700
32156,3.318,5.469,17.700
32179,3.319,5.420,17.700
32202,3.319,5.420,17.700
32225,3.330,5.420,17.700
32249,3.335,5.396,17.700
32272,3.329,5.371,17.700
32295,2.720,27.271,74.463
32318,2.717,27.539,75.073
32344,2.914,26.294,16.479
32367,3.380,4.932,17.090
32390,3.483,0.098,0.000
32413,3.485,0.073,0.000
32437,3.485,0.049,0.000
32460,3.487,0.049,0.000
32483,3.487,0.073,0.000
32506,3.491,0.073,0.000
32529,3.476,0.073,0.000
32553,3.475,0.049,0.000
32576,3.464,0.073,0.000
32599,3.473,0.098,0.000
32622,3.467,0.073,0.000
32645,3.480,0.073,0.000
32668,3.493,0.073,0.000
32691,3.489,0.049,0.000
32714,3.479,0.098,0.000
32737,3.477,0.073,0.000
32761,3.489,0.049,0.000
32784,3.500,0.073,0.000
32807,3.501,0.073,0.000
32830,3.483,0.073,0.000
32855,3.491,0.073,0.000
32878,3.489,0.073,0.000
32901,3.485,0.073,0.000
32924,3.514,0.098,0.000
32947,3.515,0.073,0.000
32971,3.515,0.073,0.000
32994,3.514,0.073,0.000
33017,3.511,0.098,0.000
33040,3.516,0.073,0.000
33064,3.514,0.073,0.000
33087,3.517,0.073,0.000
33110,3.517,0.049,0.000
33133,3.517,0.073,0.000
33157,3.516,0.073,0.000
33180,3.519,0.073,0.000
33203,3.517,0.073,0.000
33226,3.516,0.049,0.000
33249,3.517,0.073,0.000
33273,3.519,0.073,0.000
33296,3.519,0.049,0.000
33319,3.517,0.073,0.000
33342,3.516,0.049,0.000
33367,3.517,0.073,0.000
33390,3.521,0.073,0.000
33413,3.517,0.073,0.000
33436,3.516,0.049,0.000
33459,3.516,0.049,0.000
33483,3.516,0.049,0.000
33506,3.519,0.073,0.000
33529,3.517,0.098,0.000
33552,3.428,5.054,15.869
33576,3.414,4.004,14.038
33599,3.424,4.150,14.038
33622,3.410,5.273,18.311
33645,3.402,5.469,18.921
33669,3.405,5.493,18.921
33692,3.405,5.469,18.921
33715,3.406,5.469,18.921
33738,3.406,5.469,17.700
33761,3.408,5.298,17.700
33785,3.411,5.298,17.700
33808,3.409,5.298,17.700
33831,2.811,31.934,89.722
33854,3.431,4.614,15.869
33879,3.449,0.146,0.610
33902,3.523,0.049,0.000
33925,3.523,0.024,0.000
33948,3.523,0.049,0.000
33971,3.526,0.024,0.000
33995,3.525,0.049,0.000
34018,3.524,0.049,0.000
34041,3.524,0.049,0.000
34064,3.523,0.049,0.000
34088,3.525,0.049,0.000
34111,3.524,0.049,0.000
34134,3.525,0.024,0.000
34157,3.525,0.024,0.000
34181,3.524,0.024,0.000
34205,3.525,0.049,0.000
34228,3.525,0.024,0.000
34251,3.525,0.049,0.000
34274,3.524,0.024,0.000
34298,3.525,0.024,0.000
34321,3.524,0.049,0.000
34344,3.526,0.024,0.000
34367,3.525,0.024,0.000
34392,3.526,0.024,0.000
34415,3.525,0.049,0.000
34438,3.525,0.049,0.000
34461,3.525,0.024,0.000
34485,3.523,0.073,0.000
34509,3.523,0.049,0.000
34532,3.523,0.049,0.000
34555,3.523,0.024,0.000
34578,3.525,0.024,0.000
34602,3.527,0.024,0.000
34625,3.527,0.024,0.000
34648,3.525,0.024,0.000
34671,3.527,0.024,0.000
34694,3.526,0.049,0.000
34718,3.526,0.049,0.000
34741,3.525,0.024,0.000
34764,3.524,0.024,0.000
34787,3.524,0.024,0.000
34811,3.524,0.049,0.000
34834,3.525,0.049,0.000
34857,3.525,0.024,0.000
34881,3.524,0.049,0.000
34905,3.524,0.049,0.000
34928,3.523,0.049,0.000
34951,3.524,0.049,0.000
34974,3.524,0.024,0.000
34998,3.523,0.024,0.000
35021,3.523,0.049,0.000
35044,3.521,0.073,0.000
35067,3.523,0.049,0.000
35090,3.523,0.024,0.000
35114,3.521,0.049,0.000
35137,3.524,0.049,0.000
35160,3.523,0.049,0.000
35183,3.525,0.049,0.000
35206,3.524,0.049,0.000
35229,3.524,0.049,0.000
35252,3.524,0.073,0.000
35275,3.524,0.049,0.000
35298,3.524,0.073,0.000
35322,3.524,0.049,0.000
35345,3.523,0.049,0.000
35368,3.524,0.073,0.000
35391,3.523,0.073,0.000
35418,3.521,0.073,0.000
35441,3.523,0.073,0.000
35464,3.521,0.098,0.000
35487,3.521,0.073,0.000
35512,3.521,0.098,0.000
35535,3.523,0.073,0.000
35558,3.523,0.098,0.000
35581,3.523,0.098,0.000
35604,3.521,0.098,0.000
35628,3.521,0.073,0.000
35651,3.521,0.073,0.000
35674,3.523,0.073,0.000
35697,3.523,0.098,0.000
35722,3.524,0.073,0.000
35745,3.523,0.098,0.000
35768,3.524,0.073,0.000
35791,3.521,0.073,0.000
35814,3.523,0.122,0.000
35838,3.524,0.073,0.000
35861,3.524,0.073,0.000
35884,3.521,0.049,0.000
35907,3.520,0.073,0.000
35931,3.521,0.098,0.000
35954,3.524,0.073,0.000
35977,3.523,0.098,0.000
36000,3.523,0.098,0.000
36024,3.523,0.098,0.000
36047,3.523,0.098,0.000
36070,3.521,0.073,0.000
36093,3.493,0.122,0.000
36116,3.467,0.586,14.648
36140,3.391,4.810,16.479
36163,3.411,4.150,14.648
36186,3.401,4.590,15.869
36209,3.385,5.518,18.921
36233,3.384,5.566,18.921
36256,3.384,5.518,18.921
36279,3.382,5.518,18.921
36302,3.382,5.542,18.921
36325,3.382,5.518,18.921
36349,3.385,5.518,18.921
36372,3.386,5.542,18.921
36395,3.382,5.591,18.921
36418,3.380,5.762,19.531
36443,3.379,5.811,20.142
36466,3.380,5.835,20.142
36489,3.381,5.786,20.142
36512,3.380,5.786,20.142
36535,3.381,5.786,20.142
36559,3.381,5.786,20.142
36582,3.381,5.688,18.921
36605,3.382,5.688,18.921
36628,3.381,5.713,18.921
36652,3.382,5.688,18.921
36675,3.381,5.688,18.921
36698,3.384,5.688,18.921
36721,3.382,5.713,18.921
36746,3.382,5.688,18.921
36769,3.382,5.688,18.921
36792,2.800,32.300,90.332
36815,2.756,32.056,87.891
36838,2.761,31.934,87.891
36862,3.326,8.032,26.855
36885,3.326,8.081,26.855
36908,3.491,0.098,0.000
36931,3.490,0.098,0.000
36955,3.489,0.073,0.000
36978,3.490,0.049,0.000
37001,3.493,0.049,0.000
37024,3.494,0.049,0.000
37048,3.493,0.073,0.000
37072,3.493,0.049,0.000
37095,3.494,0.049,0.000
37118,3.494,0.049,0.000
37141,3.506,0.049,0.000
37165,3.513,0.024,0.000
37188,3.519,0.024,0.000
37211,3.521,0.000,0.000
37234,3.521,0.024,0.000
37259,3.520,0.024,0.000
37282,3.521,0.049,0.000
37305,3.520,0.024,0.000
37328,3.524,0.024,0.000
37352,3.521,0.024,0.000
37376,3.521,0.024,0.000
37399,3.521,0.024,0.000
37422,3.521,0.024,0.000
37445,3.521,0.024,0.000
37469,3.523,0.024,0.000
37492,3.523,0.024,0.000
37515,3.523,0.024,0.000
37538,3.521,0.024,0.000
37561,3.523,0.024,0.000
37584,3.523,0.049,0.000
37607,3.523,0.000,0.000
37630,3.523,0.049,0.000
37653,3.524,0.024,0.000
37677,3.521,0.024,0.000
37700,3.523,0.024,0.000
37723,3.523,0.049,0.000
37746,3.521,0.049,0.000
37771,3.520,0.073,0.000
37794,3.520,0.073,0.000
37817,3.521,0.049,0.000
37840,3.521,0.073,0.000
37864,3.520,0.073,0.000
37887,3.523,0.073,0.000
37910,3.520,0.073,0.000
37933,3.520,0.098,0.000
37956,3.521,0.073,0.000
37980,3.521,0.073,0.000
38003,3.521,0.122,0.610
38026,3.519,0.122,0.000
38049,3.519,0.122,0.610
38072,3.440,4.028,14.038
38096,3.418,5.298,18.311
38119,3.443,3.882,12.817
38142,3.426,4.639,16.479
38165,3.408,5.518,18.921
38189,3.410,5.518,18.921
38212,3.409,5.518,18.921
38235,3.409,5.444,18.311
38258,3.410,5.420,18.311
38284,3.410,5.444,18.921
38307,3.410,5.420,17.700
38330,3.412,5.444,18.311
38353,2.797,31.958,89.722
38377,2.795,32.129,89.722
38401,2.794,32.251,89.722
38424,3.359,7.935,26.855
38447,3.358,7.983,26.855
38470,3.523,0.073,0.000
38494,3.523,0.073,0.000
38517,3.523,0.098,0.000
38540,3.523,0.073,0.000
38563,3.524,0.049,0.000
38589,3.521,0.049,0.000
38612,3.520,0.073,0.000
38635,3.520,0.073,0.000
38658,3.520,0.049,0.000
38681,3.523,0.073,0.000
38704,3.521,0.049,0.000
38727,3.521,0.049,0.000
38750,3.521,0.049,0.000
38773,3.525,0.073,0.000
38796,3.520,0.073,0.000
38819,3.521,0.073,0.000
38842,3.520,0.073,0.000
38865,3.520,0.073,0.000
38889,3.521,0.073,0.000
38912,3.520,0.073,0.000
38935,3.521,0.073,0.000
38958,3.519,0.073,0.000
38981,3.523,0.073,0.000
39005,3.517,0.073,0.000
39028,3.516,0.073,0.000
39051,3.517,0.073,0.000
39074,3.517,0.049,0.000
39097,3.517,0.098,0.000
39121,3.517,0.073,0.000
39144,3.517,0.049,0.000
39167,3.516,0.073,0.000
39190,3.516,0.073,0.000
39214,3.517,0.073,0.000
39237,3.517,0.073,0.000
39260,3.517,0.073,0.000
39283,3.517,0.098,0.000
39307,3.517,0.098,0.000
39330,3.517,0.098,0.000
39353,3.521,0.073,0.000
39376,3.517,0.073,0.000
39400,3.517,0.073,0.000
39423,3.517,0.073,0.000
39446,3.519,0.073,0.000
39469,3.517,0.073,0.000
39492,3.517,0.073,0.000
39516,3.516,0.098,0.000
39539,3.519,0.122,0.610
39562,3.497,0.098,0.000
39585,3.487,0.122,0.000
39608,3.483,0.098,0.000
39632,3.388,4.907,17.090
39655,3.369,5.078,14.038
39678,3.396,4.419,14.648
39701,3.365,5.200,17.700
39725,3.360,5.566,18.921
39748,3.358,5.591,18.921
39771,3.359,5.566,18.921
39794,3.305,8.203,26.855
39817,3.303,8.203,26.855
39840,3.301,8.228,26.855
39863,3.301,8.203,26.855
39886,3.301,8.228,26.855
39909,3.301,8.228,26.855
39932,3.301,8.228,26.855
39955,3.303,8.203,26.855
39978,3.356,5.835,19.531
40001,3.375,4.590,15.259
40026,3.378,4.590,15.869
40049,3.379,4.614,15.869
40072,3.379,4.590,15.869
40095,3.379,4.639,15.869
40119,3.380,4.468,15.259
40142,3.307,8.032,26.855
40165,3.309,8.032,26.245
40188,3.310,8.008,26.855
40211,3.310,7.983,26.245
40235,3.311,7.983,26.855
40258,3.310,7.983,26.245
40281,3.311,8.008,26.855
40304,3.312,7.959,26.245
40329,3.385,4.395,15.259
40352,3.385,4.395,15.259
40375,3.386,4.395,15.259
40398,3.386,4.419,15.259
40421,3.385,4.419,15.259
40445,3.386,4.395,15.259
40468,3.386,4.395,15.259
40491,3.463,0.732,3.052
40514,3.463,0.757,3.052
40538,3.461,0.757,3.052
40561,3.464,0.708,3.052
40584,3.464,0.708,2.441
40607,3.481,0.488,1.831
40632,3.496,0.635,1.831
40655,3.497,0.659,1.831
40678,3.500,0.635,1.831
40701,3.500,0.635,1.831
40724,3.501,0.635,1.831
40748,3.500,0.635,1.831
40771,3.503,0.659,2.441
40794,3.504,0.635,1.831
40817,3.503,0.635,1.831
40841,3.500,0.659,1.831
40864,3.500,0.635,1.831
40887,3.500,0.659,1.831
40910,3.501,0.659,1.831
40933,3.504,0.635,1.831
40957,3.503,0.635,1.831
40980,3.503,0.659,1.831
41003,3.503,0.659,1.831
41026,3.504,0.635,1.831
41050,3.501,0.659,1.831
����������������������������������������������������������������41096,3.501,0.659,1.831
41119,3.500,0.659,1.831
41144,3.503,0.635,1.831
41167,3.503,0.659,1.831
41190,3.501,0.635,1.831
41213,3.501,0.635,1.831
41236,3.501,0.635,1.831
41260,3.501,0.635,1.831
41283,3.501,0.635,1.831
41306,3.500,0.659,1.831
41329,3.500,0.635,1.831
41352,3.501,0.635,1.831
41375,3.501,0.659,1.831
41398,3.500,0.659,1.831
41421,3.501,0.635,1.831
41444,3.500,0.659,1.831
41467,3.499,0.659,1.831
41490,3.501,0.610,1.831
41513,3.500,0.659,1.831
41536,3.500,0.659,1.831
41560,3.499,0.659,1.831
41583,3.500,0.708,2.441
41606,3.503,0.732,2.441
41629,3.499,0.732,2.441
41653,3.501,0.732,3.052
41676,3.500,0.732,3.052
41699,3.500,0.732,2.441
41722,3.499,0.708,2.441
41745,3.500,0.708,2.441
41769,3.499,0.708,1.831
41792,3.499,0.708,2.441
41815,3.497,0.708,1.831
41838,3.497,0.732,3.052
41861,3.497,0.757,3.052
41884,3.496,0.757,3.052
41907,3.496,0.732,3.052
41930,3.496,0.757,3.052
41953,3.496,0.757,3.052
41977,3.496,0.781,3.052
42000,3.496,0.757,3.052
42023,3.497,0.757,3.052
42046,3.497,0.757,3.052
42071,3.497,0.732,3.052
42094,3.497,0.757,3.052
42117,3.496,0.757,3.052
42140,3.495,0.781,3.052
42163,3.496,0.757,3.052
42187,3.496,0.757,3.052
42210,3.499,0.806,3.052
42233,3.496,0.781,3.052
42256,3.496,0.806,3.052
42280,3.496,0.830,3.052
42303,3.495,0.830,3.052
42326,3.496,0.806,3.052
42349,3.496,0.806,3.052
42373,3.493,0.830,3.052
42396,3.494,0.806,3.052
42419,3.495,0.757,3.052
42442,3.493,0.854,3.052
42465,3.496,0.708,2.441
42488,3.494,0.830,3.052
42511,3.494,0.806,3.052
42534,3.495,0.806,3.052
42557,3.491,0.879,3.052
42581,3.493,0.928,3.662
42604,3.493,0.854,3.052
42627,3.450,2.417,16.479
42650,3.406,4.736,16.479
42673,3.432,3.882,13.428
42697,3.416,4.761,16.479
42720,3.340,8.252,28.076
42743,3.341,8.252,28.076
42766,3.342,8.252,28.076
42790,3.341,8.252,27.466
42813,3.340,8.325,28.076
42836,3.342,8.179,26.855
42859,3.342,8.179,26.855
42883,3.342,8.179,26.855
42906,3.021,18.628,54.321
42929,2.901,24.634,70.190
42952,3.362,7.104,23.804
42975,2.896,26.660,79.956
42999,3.094,20.679,62.256
43022,3.203,12.402,37.231
43045,2.901,27.319,79.956
43068,3.356,7.129,23.804
43093,3.287,10.181,33.569
43116,3.289,10.156,32.959
43139,3.511,-0.049,0.000
43162,3.511,-0.073,0.000
43185,3.510,-0.073,0.000
43209,3.510,-0.098,0.000
43232,3.507,-0.073,0.000
43255,3.509,-0.049,0.000
43278,3.509,-0.073,0.000
43302,3.509,-0.049,0.000
43325,3.510,-0.049,0.000
43348,3.510,-0.049,0.000
43371,3.511,-0.049,0.000
43395,3.509,-0.049,0.000
43418,3.509,-0.049,0.000
43441,3.510,-0.049,0.000
43464,3.509,-0.024,0.000
43487,3.509,-0.024,0.000
43511,3.507,0.000,0.000
43534,3.507,0.024,0.000
43557,3.507,0.024,0.000
43580,3.507,0.024,0.000
43605,3.507,0.024,0.000
43628,3.507,0.024,0.000
43651,3.507,0.049,0.000
43674,3.504,0.049,0.000
43697,3.496,0.049,0.000
43721,3.466,0.098,0.000
43744,3.467,0.098,0.000
43767,3.466,0.098,0.000
43790,3.466,0.098,0.000
43814,3.466,0.098,0.000
43837,3.380,4.028,14.038
43860,3.193,9.619,30.518
43883,3.385,3.882,51.270
43907,3.193,8.398,28.076
43930,3.322,8.398,28.076
43953,3.324,8.398,28.076
43976,3.326,8.374,28.076
43999,3.326,8.374,28.076
44023,3.326,8.350,28.076
44046,3.328,8.350,28.076
44069,3.330,8.252,26.855
44092,3.330,8.203,26.855
44117,2.934,25.830,61.035
44140,3.057,18.604,55.542
44163,3.172,12.744,38.452
44186,2.909,23.706,67.749
44209,3.088,18.408,56.152
44233,3.037,17.529,51.880
44256,2.914,23.071,65.918
44279,3.352,7.129,23.804
44302,3.286,10.107,32.959
44326,3.287,10.083,32.959
44349,3.506,0.024,0.000
44372,3.507,0.024,0.000
44395,3.506,0.024,0.000
44419,3.507,0.024,0.000
44442,3.507,0.024,0.000
44465,3.506,-0.024,0.000
44488,3.507,-0.024,0.000
44511,3.506,-0.024,0.000
44535,3.507,-0.049,0.000
44558,3.507,-0.024,0.000
44581,3.506,-0.049,0.000
44604,3.507,-0.049,0.000
44627,3.507,-0.073,0.000
44650,3.506,-0.049,0.000
44673,3.506,-0.049,0.000
44696,3.506,-0.049,0.000
44719,3.506,-0.049,0.000
44743,3.506,-0.049,0.000
44766,3.506,-0.049,0.000
44789,3.506,-0.024,0.000
44812,3.506,0.000,0.000
44837,3.505,-0.024,0.000
44860,3.504,-0.024,0.000
44883,3.506,0.000,0.000
44906,3.505,-0.024,0.000
44931,3.505,0.000,0.000
44954,3.505,0.024,0.000
44977,3.504,0.024,0.000
45000,3.505,0.024,0.000
45023,3.504,0.024,0.000
45047,3.146,11.401,33.569
45070,3.361,6.689,22.583
45093,3.220,10.376,29.907
45116,3.326,8.325,28.076
45139,3.326,8.276,27.466
45162,3.326,8.276,27.466
45185,3.326,8.252,27.466
45208,3.328,8.228,26.855
45231,3.330,8.105,26.855
45255,3.329,8.081,26.855
45278,3.329,8.105,26.855
45301,3.329,8.057,26.855
45324,2.918,24.658,72.021
45349,2.976,26.221,76.294
45372,3.069,17.578,53.101
45395,2.916,22.583,65.308
45418,3.349,7.910,23.193
45442,3.046,18.359,54.932
45465,3.045,18.604,55.542
45488,3.348,6.958,23.193
45511,3.279,10.010,32.959
45534,3.280,9.985,32.959
45558,3.506,-0.049,0.000
45581,3.506,-0.024,0.000
45604,3.506,-0.049,0.000
45627,3.506,-0.049,0.000
45650,3.505,-0.049,0.000
45673,3.505,-0.073,0.000
45696,3.505,-0.073,0.000
45719,3.505,-0.049,0.000
45742,3.506,-0.049,0.000
45766,3.505,-0.024,0.000
45789,3.505,-0.049,0.000
45812,3.500,-0.024,0.000
45835,3.465,-0.024,0.000
45860,3.465,0.000,0.000
45883,3.465,-0.024,0.000
45906,3.466,-0.024,0.000
45929,3.466,-0.049,0.000
45952,3.466,-0.049,0.000
45976,3.467,-0.049,0.000
45999,3.469,-0.073,0.000
46022,3.465,-0.073,0.000
46045,3.463,-0.049,0.000
46069,3.461,-0.073,0.000
46092,3.463,-0.049,0.000
46115,3.465,-0.049,0.000
46138,3.466,-0.098,0.000
46162,3.465,-0.049,0.000
46185,3.467,-0.073,0.000
46208,3.467,-0.073,0.000
46231,3.466,-0.049,0.000
46254,3.467,-0.049,0.000
46278,3.465,-0.049,0.000
46301,3.465,-0.073,0.000
46324,3.465,-0.073,0.000
46347,3.465,-0.073,0.000
46372,3.464,-0.073,0.000
46395,3.465,-0.049,0.000
46418,3.464,-0.073,0.000
46441,3.464,-0.073,0.000
46464,3.465,-0.073,0.000
46488,3.464,-0.049,0.000
46511,3.464,-0.049,0.000
46534,3.466,-0.049,0.000
46557,3.464,-0.049,0.000
46581,3.464,-0.073,0.000
46604,3.465,-0.073,0.000
46627,3.464,-0.073,0.000
46650,3.465,-0.073,0.000
46674,3.464,-0.073,0.000
46697,3.464,-0.073,0.000
46720,3.464,-0.049,0.000
46743,3.464,-0.073,0.000
46766,3.463,-0.073,0.000
46790,3.464,-0.073,0.000
46813,3.461,-0.049,0.000
46836,3.463,-0.049,0.000
46859,3.464,-0.049,0.000
46882,3.464,-0.073,0.000
46905,3.463,-0.073,7.324
46928,3.391,4.956,16.479
46951,3.385,5.176,17.700
46974,3.398,4.858,16.479
46998,3.320,8.105,26.855
47021,3.321,8.105,26.855
47044,3.321,8.105,26.855
47067,3.321,8.081,26.855
47091,3.325,7.983,26.855
47114,3.325,7.983,26.855
47137,3.326,7.983,26.855
47160,3.325,8.008,26.855
47184,3.254,8.325,27.466
47207,3.015,19.995,59.814
47230,3.349,6.958,23.193
47253,2.779,30.713,84.839
47276,2.766,31.055,86.060
47300,2.759,31.299,86.060
47323,2.749,31.445,86.670
47346,2.705,32.471,87.891
47369,2.706,32.471,87.891
47392,2.725,31.714,86.060
47415,2.721,31.836,87.280
47438,2.719,31.763,86.060
47461,2.701,32.495,87.891
47484,2.716,32.080,87.280
47508,2.723,32.495,88.501
47531,2.729,32.324,87.891
47554,2.736,32.202,88.501
47577,2.754,31.958,87.891
47602,2.753,31.885,87.891
47625,2.725,32.788,89.111
47648,2.727,32.886,89.111
47671,2.729,32.788,89.722
47695,2.753,32.104,87.891
47718,2.754,32.031,87.891
47741,2.726,33.008,89.722
47764,2.750,32.031,87.891
47787,2.750,32.397,89.111
47811,2.756,33.472,92.163
47834,2.750,33.716,92.773
47857,2.747,33.789,92.773
47880,2.723,34.473,93.994
47903,2.730,34.326,93.384
47926,2.721,34.912,95.215
47949,2.719,34.961,95.215
47972,2.707,35.547,95.825
47995,3.358,7.422,21.973
48019,3.500,-0.073,0.000
48042,3.500,-0.073,0.000
48065,3.500,-0.073,0.000
48088,3.501,-0.073,0.000
48113,3.500,-0.049,0.000
48136,3.500,-0.049,0.000
48159,3.501,-0.073,0.000
48182,3.501,-0.073,0.000
48206,3.501,-0.073,0.000
48229,3.500,-0.049,0.000
48252,3.501,-0.049,0.000
48275,3.503,-0.073,0.000
48298,3.504,-0.073,0.000
48322,3.503,-0.098,0.000
48345,3.501,-0.049,0.000
48368,3.503,-0.073,0.000
48391,3.503,-0.073,0.000
48414,3.501,-0.049,0.000
48437,3.503,-0.073,0.000
48460,3.501,-0.073,0.000
48483,3.503,-0.073,0.000
48506,3.501,-0.049,0.000
48530,3.503,-0.073,0.000
48553,3.503,-0.073,0.000
48576,3.501,-0.073,0.000
48599,3.503,-0.049,0.000
48624,3.503,-0.073,0.000
48647,3.501,-0.073,0.000
48670,3.501,-0.073,0.000
48693,3.501,-0.073,0.000
48716,3.505,-0.073,0.000
48740,3.504,-0.073,0.000
48763,3.504,-0.073,0.000
48786,3.504,-0.049,0.000
48809,3.503,-0.049,0.000
48833,3.501,-0.073,0.000
48856,3.505,-0.049,0.000
48879,3.504,-0.073,0.000
48903,3.503,-0.073,0.000
48926,3.503,-0.049,0.000
48949,3.504,-0.073,0.000
48972,3.500,-0.073,0.000
48995,3.501,-0.073,0.000
49018,3.500,-0.049,0.000
49042,3.499,-0.073,0.000
49065,3.504,-0.049,0.000
49088,3.503,-0.073,0.000
49111,3.503,-0.049,0.000
49136,3.503,-0.073,0.000
49159,3.503,-0.073,0.000
49182,3.501,-0.073,0.000
49205,3.500,-0.073,0.000
49228,3.503,-0.073,0.000
49252,3.503,-0.073,0.000
49275,3.503,-0.049,0.000
49298,3.501,-0.073,0.000
49321,3.503,-0.073,0.000
49345,3.500,-0.073,0.000
49368,3.500,-0.073,0.000
49391,3.499,-0.073,0.000
49415,3.501,-0.049,0.000
49438,3.503,-0.073,0.000
49461,3.500,-0.073,0.000
49484,3.503,-0.098,0.000
49507,3.501,-0.073,0.000
49530,3.501,-0.073,0.000
49554,3.503,-0.073,0.000
49577,3.499,-0.073,0.000
49600,3.499,-0.073,0.000
49623,3.499,-0.073,0.000
49648,3.500,-0.073,0.000
49671,3.500,-0.073,0.000
49694,3.500,-0.049,0.000
49717,3.501,-0.073,0.000
49740,3.501,-0.073,0.000
49764,3.500,-0.049,0.000
49787,3.499,-0.073,0.000
49810,3.500,-0.073,0.000
49833,3.500,-0.073,0.000
49858,3.501,-0.073,0.000
49881,3.500,-0.073,0.000
49904,3.500,-0.073,0.000
49927,3.501,-0.073,0.000
49950,3.500,-0.073,0.000
49973,3.500,-0.073,0.000
49996,3.500,-0.049,0.000
50019,3.500,-0.049,0.000
50042,3.499,-0.073,0.000
50066,3.500,-0.073,0.000
50089,3.500,-0.073,0.000
50112,3.499,-0.073,0.000
50135,3.500,-0.073,0.000
50160,3.500,-0.049,0.000
50183,3.500,-0.098,0.000
50206,3.500,-0.098,0.000
50229,3.499,-0.049,0.000
50252,3.500,-0.049,0.000
50276,3.499,-0.073,0.000
50299,3.500,-0.049,0.000
50322,3.499,-0.073,0.000
50345,3.499,-0.073,0.000
50369,3.500,-0.073,0.000
50392,3.499,-0.073,0.000
50415,3.500,-0.073,0.000
50439,3.500,-0.073,0.000
50462,3.500,-0.073,0.000
50485,3.501,-0.098,0.000
50508,3.501,-0.049,0.000
50531,3.500,-0.073,0.000
50554,3.500,-0.098,0.000
50578,3.500,-0.073,0.000
50601,3.500,-0.073,0.000
50624,3.500,-0.073,0.000
50647,3.500,-0.073,0.000
50672,3.501,-0.073,0.000
50695,3.500,-0.049,0.000
50718,3.500,-0.073,0.000
50741,3.500,-0.073,0.000
50764,3.500,-0.073,0.000
50788,3.499,-0.073,0.000
50811,3.499,-0.049,0.000
50834,3.501,-0.073,0.000
50857,3.501,-0.049,0.000
50881,3.500,-0.073,0.000
50904,3.501,-0.098,0.000
50927,3.501,-0.073,0.000
50951,3.500,-0.073,0.000
50974,3.501,-0.073,0.000
50997,3.500,-0.073,0.000
51020,3.501,-0.073,0.000
51043,3.500,-0.073,0.000
51066,3.501,-0.073,0.000
51090,3.500,-0.073,0.000
51113,3.499,-0.073,0.000
51136,3.500,-0.073,0.000
51159,3.500,-0.073,0.000
51184,3.500,-0.073,0.000
51207,3.500,-0.073,0.000
51230,3.500,-0.073,0.000
51253,3.500,-0.073,0.000
51276,3.500,-0.073,0.000
51300,3.499,-0.049,0.000
51323,3.499,-0.073,0.000
51346,3.497,-0.073,0.000
51369,3.499,-0.073,0.000
51393,3.500,-0.073,0.000
51416,3.499,-0.073,0.000
51439,3.499,-0.049,0.000
51463,3.499,-0.073,0.000
51486,3.499,-0.049,0.000
51509,3.497,-0.073,0.000
51532,3.499,-0.049,0.000
51555,3.499,-0.073,0.000
51578,3.499,-0.073,0.000
51602,3.499,-0.073,0.000
51625,3.499,-0.073,0.000
51648,3.497,-0.049,0.000
51671,3.497,-0.049,0.000
51696,3.499,-0.049,0.000
51719,3.497,-0.073,0.000
51742,3.497,-0.073,0.000
51765,3.497,-0.073,0.000
51788,3.499,-0.098,0.000
51812,3.499,-0.073,0.000
51835,3.499,-0.049,0.000
51858,3.499,-0.073,0.000
51881,3.499,-0.098,0.000
51905,3.499,-0.073,0.000
51928,3.499,-0.049,0.000
51951,3.500,-0.049,0.000
51975,3.497,-0.073,0.000
51998,3.499,-0.049,0.000
52022,3.500,-0.073,0.000
52045,3.497,-0.073,0.000
52068,3.497,-0.073,0.000
52091,3.497,-0.073,0.000
52115,3.499,-0.073,0.000
52138,3.497,-0.073,0.000
52161,3.497,-0.049,0.000
52184,3.497,-0.073,0.000
52208,3.496,-0.049,0.000
52231,3.497,-0.049,0.000
52254,3.499,-0.073,0.000
52277,3.499,-0.073,0.000
52300,3.497,-0.049,0.000
52324,3.497,-0.073,0.000
52347,3.499,-0.098,0.000
52370,3.499,-0.073,0.000
52393,3.499,-0.073,0.000
52417,3.499,-0.073,0.000
52440,3.499,-0.049,0.000
52463,3.499,-0.073,0.000
52487,3.497,-0.073,0.000
52510,3.499,-0.073,0.000
52533,3.497,-0.073,0.000
52556,3.497,-0.073,0.000
52579,3.497,-0.049,0.000
52602,3.499,-0.073,0.000
52626,3.497,-0.073,0.000
52649,3.499,-0.073,0.000
52672,3.499,-0.073,0.000
52695,3.497,-0.073,0.000
52720,3.499,-0.098,0.000
52743,3.499,-0.073,0.000
52766,3.499,-0.098,0.000
52789,3.499,-0.073,0.000
52812,3.500,-0.049,0.000
52836,3.497,-0.098,0.610
52859,3.497,-0.073,0.000
52882,3.500,-0.073,0.000
52905,3.499,-0.098,0.000
52929,3.497,-0.073,0.000
52952,3.499,-0.073,0.610
52975,3.499,-0.073,0.000
52999,3.500,-0.098,0.000
53022,3.499,-0.073,0.000
53046,3.500,-0.098,0.000
53069,3.499,-0.073,0.000
53092,3.499,-0.073,0.000
53115,3.500,-0.073,0.000
53139,3.494,-0.073,0.000
53162,3.495,-0.049,0.000
53185,3.495,-0.073,0.000
53208,3.497,-0.073,0.000
53232,3.496,-0.073,0.000
53255,3.497,-0.098,0.000
53278,3.497,-0.049,0.000
53301,3.496,-0.049,0.000
53324,3.495,-0.049,0.000
53348,3.497,-0.049,0.000
53371,3.497,-0.049,0.000
53394,3.496,-0.049,0.000
53417,3.495,-0.049,0.000
53441,3.495,-0.024,0.000
53464,3.494,-0.049,0.000
53487,3.494,-0.049,0.000
53511,3.494,-0.049,0.000
53534,3.494,-0.049,0.000
53557,3.491,-0.049,0.000
53580,3.493,-0.024,0.000
53603,3.493,-0.024,0.000
53626,3.493,-0.049,0.000
53650,3.493,-0.024,0.000
53673,3.494,-0.024,0.000
53696,3.491,0.000,0.000
53719,3.443,2.026,13.428
53744,3.390,4.639,15.869
53767,3.411,3.857,12.817
53790,3.395,12.183,39.673
53813,3.318,8.130,26.855
53836,3.316,8.130,26.855
53860,3.315,8.130,26.855
53883,3.316,8.130,26.855
53906,3.316,8.130,26.855
53929,3.316,8.130,26.855
53953,3.318,8.008,26.855
53976,3.319,8.032,26.855
53999,2.990,19.702,57.373
54023,2.874,24.854,75.684
54046,3.340,6.982,23.193
54069,3.020,24.731,75.073
54092,3.062,14.551,42.725
54115,3.165,13.574,43.335
54138,3.000,25.781,77.515
54162,3.340,7.031,23.193
54185,3.274,10.132,32.959
54208,3.274,10.107,32.959
54231,3.491,-0.024,0.000
54256,3.493,-0.024,0.000
54279,3.491,-0.024,0.000
54302,3.491,-0.049,0.000
54325,3.490,-0.024,0.000
54348,3.493,-0.024,0.000
54372,3.493,-0.024,0.000
54395,3.491,0.000,0.000
54418,3.493,-0.024,0.000
54441,3.493,-0.024,0.000
54465,3.493,-0.024,0.000
54488,3.491,-0.024,0.000
54511,3.493,-0.049,0.000
54535,3.494,-0.049,0.000
54558,3.494,-0.073,0.000
54582,3.495,-0.073,0.000
54605,3.495,-0.073,0.000
54628,3.494,-0.073,0.000
54651,3.494,-0.073,0.000
54675,3.494,-0.073,0.000
54698,3.495,-0.073,0.000
54721,3.494,-0.073,0.000
54744,3.495,-0.073,0.000
54770,3.470,-0.073,0.000
54793,3.490,-0.073,0.000
54816,3.497,-0.073,0.000
54839,3.490,-0.073,0.000
54863,3.480,-0.073,0.000
54886,3.473,-0.073,0.000
54909,3.465,-0.049,0.000
54932,3.461,-0.073,0.000
54955,3.457,-0.073,0.000
54979,3.459,-0.073,0.000
55002,3.457,-0.073,0.000
55025,3.491,-0.073,0.000
55048,3.495,-0.073,0.000
55071,3.493,-0.073,0.000
55095,3.491,-0.098,0.000
55118,3.493,-0.073,0.000
55141,3.493,-0.073,0.000
55164,3.493,-0.073,0.000
55188,3.491,-0.073,0.000
55211,3.490,-0.073,0.000
55234,3.497,-0.073,0.000
55257,3.497,-0.073,0.000
55282,3.495,-0.073,0.000
55305,3.497,-0.073,0.000
55328,3.497,-0.098,0.000
55351,3.496,-0.073,0.000
55375,3.499,-0.073,0.000
55398,3.496,-0.098,0.000
55421,3.496,-0.098,0.000
55444,3.494,-0.073,0.000
55467,3.497,-0.073,0.000
55491,3.495,-0.073,0.000
55514,3.496,-0.073,0.000
55537,3.494,-0.098,0.000
55560,3.496,-0.098,0.000
55583,3.495,-0.073,0.000
55606,3.495,-0.073,0.000
55629,3.495,-0.073,0.000
55652,3.496,-0.073,0.000
55675,3.495,-0.098,0.000
55699,3.495,-0.098,0.000
55722,3.495,-0.098,0.000
55745,3.495,-0.073,0.000
55768,3.495,-0.073,0.000
55791,3.495,-0.073,0.000
55814,3.495,-0.073,0.000
55837,3.494,-0.073,0.000
55860,3.495,-0.098,0.000
55883,3.495,-0.073,0.000
55906,3.496,-0.073,0.000
55929,3.495,-0.073,0.000
55952,3.495,-0.073,0.000
55975,3.494,-0.073,0.000
55999,3.496,-0.073,0.000
56022,3.495,-0.073,0.000
56045,3.495,-0.098,0.000
56068,3.496,-0.073,0.000
56092,3.495,-0.073,0.000
56116,3.495,-0.073,0.000
56139,3.496,-0.073,0.000
56162,3.495,-0.073,0.000
56185,3.497,-0.073,0.000
56209,3.495,-0.073,0.000
56232,3.496,-0.073,0.000
56255,3.495,-0.049,0.000
56278,3.495,-0.049,0.000
56301,3.495,-0.098,0.000
56324,3.497,-0.098,0.000
56347,3.497,-0.098,0.000
56370,3.496,-0.073,0.000
56393,3.495,-0.098,0.000
56417,3.497,-0.073,0.000
56440,3.494,-0.073,0.000
56463,3.494,-0.073,0.000
56487,3.499,-0.073,0.000
56511,3.500,-0.073,0.000
56534,3.499,-0.073,0.000
56557,3.500,-0.098,0.000
56580,3.499,-0.073,0.000
