Executing action: monitor
Serial port /dev/ttyUSB0
Connecting.....
Detecting chip type... ESP32
Running idf_monitor in directory /home/sabinho/github/power_profiller
Executing "/home/sabinho/.espressif/python_env/idf5.5_py3.14_env/bin/python /home/sabinho/esp/esp-idf/tools/idf_monitor.py -p /dev/ttyUSB0 -b 115200 --toolchain-prefix xtensa-esp32-elf- --target esp32 --revision 0 /home/sabinho/github/power_profiller/build/power_profiller.elf /home/sabinho/github/power_profiller/build/bootloader/bootloader.elf -m '/home/sabinho/.espressif/python_env/idf5.5_py3.14_env/bin/python' '/home/sabinho/esp/esp-idf/tools/idf.py'"...
ets Jul 29 2019 12:21:46

rst:0x1 (POWERON_RESET),boot:0x13 (SPI_FAST_FLASH_BOOT)
configsip: 0, SPIWP:0xee
clk_drv:0x00,q_drv:0x00,d_drv:0x00,cs0_drv:0x00,hd_drv:0x00,wp_drv:0x00
mode:DIO, clock div:2
load:0x3fff0030,len:6380
ho 0 tail 12 room 4
load:0x40078000,len:15916
load:0x40080400,len:3860
entry 0x40080638
[0;32mI (29) boot: ESP-IDF v5.5 2nd stage bootloader[0m
[0;32mI (29) boot: compile time Jun 25 2026 22:12:55[0m
[0;32mI (29) boot: Multicore bootloader[0m
[0;32mI (30) boot: chip revision: v3.1[0m
[0;32mI (33) boot.esp32: SPI Speed      : 40MHz[0m
[0;32mI (37) boot.esp32: SPI Mode       : DIO[0m
[0;32mI (40) boot.esp32: SPI Flash Size : 2MB[0m
[0;32mI (44) boot: Enabling RNG early entropy source...[0m
[0;32mI (49) boot: Partition Table:[0m
[0;32mI (51) boot: ## Label            Usage          Type ST Offset   Length[0m
[0;32mI (57) boot:  0 nvs              WiFi data        01 02 00009000 00006000[0m
[0;32mI (64) boot:  1 phy_init         RF data          01 01 0000f000 00001000[0m
[0;32mI (71) boot:  2 factory          factory app      00 00 00010000 00100000[0m
[0;32mI (77) boot: End of partition table[0m
[0;32mI (80) esp_image: segment 0: paddr=00010020 vaddr=3f400020 size=1e8cch (125132) map[0m
[0;32mI (131) esp_image: segment 1: paddr=0002e8f4 vaddr=3ff80000 size=00020h (    32) load[0m
[0;32mI (131) esp_image: segment 2: paddr=0002e91c vaddr=3ffb0000 size=016fch (  5884) load[0m
[0;32mI (137) esp_image: segment 3: paddr=00030020 vaddr=400d0020 size=93548h (603464) map[0m
[0;32mI (348) esp_image: segment 4: paddr=000c3570 vaddr=3ffb16fc size=0282ch ( 10284) load[0m
[0;32mI (352) esp_image: segment 5: paddr=000c5da4 vaddr=40080000 size=19480h (103552) load[0m
[0;32mI (405) boot: Loaded app from partition at offset 0x10000[0m
[0;32mI (405) boot: Disabling RNG early entropy source...[0m
[0;32mI (415) cpu_start: Multicore app[0m
[0;32mI (424) cpu_start: Pro cpu start user code[0m
[0;32mI (424) cpu_start: cpu freq: 160000000 Hz[0m
[0;32mI (424) app_init: Application information:[0m
[0;32mI (424) app_init: Project name:     power_profiller[0m
[0;32mI (429) app_init: App version:      3f35c1e[0m
[0;32mI (432) app_init: Compile time:     Jun 30 2026 14:31:40[0m
[0;32mI (438) app_init: ELF file SHA256:  36ce68cc3...[0m
[0;32mI (442) app_init: ESP-IDF:          v5.5[0m
[0;32mI (446) efuse_init: Min chip rev:     v0.0[0m
[0;32mI (449) efuse_init: Max chip rev:     v3.99 [0m
[0;32mI (453) efuse_init: Chip rev:         v3.1[0m
[0;32mI (457) heap_init: Initializing. RAM available for dynamic allocation:[0m
[0;32mI (464) heap_init: At 3FFAE6E0 len 00001920 (6 KiB): DRAM[0m
[0;32mI (469) heap_init: At 3FFB9318 len 00026CE8 (155 KiB): DRAM[0m
[0;32mI (474) heap_init: At 3FFE0440 len 00003AE0 (14 KiB): D/IRAM[0m
[0;32mI (479) heap_init: At 3FFE4350 len 0001BCB0 (111 KiB): D/IRAM[0m
[0;32mI (485) heap_init: At 40099480 len 00006B80 (26 KiB): IRAM[0m
[0;32mI (492) spi_flash: detected chip: generic[0m
[0;32mI (494) spi_flash: flash io: dio[0m
[0;33mW (497) spi_flash: Detected size(4096k) larger than the size in the binary image header(2048k). Using the size in the binary image header.[0m
[0;33mW (509) i2c: This driver is an old driver, please migrate your application code to adapt `driver/i2c_master.h`[0m
[0;32mI (519) main_task: Started on CPU0[0m
[0;32mI (522) main_task: Calling app_main()[0m
[0;32mI (524) profiler: Power profiler v2 — WiFi + web dashboard[0m
[0;32mI (561) wifi:wifi driver task: 3ffc1514, prio:23, stack:6656, core=0[0m
[0;32mI (575) wifi:wifi firmware version: f3dbad7[0m
[0;32mI (575) wifi:wifi certification version: v7.0[0m
[0;32mI (576) wifi:config NVS flash: enabled[0m
[0;32mI (576) wifi:config nano formatting: disabled[0m
[0;32mI (580) wifi:Init data frame dynamic rx buffer num: 32[0m
[0;32mI (585) wifi:Init static rx mgmt buffer num: 5[0m
[0;32mI (589) wifi:Init management short buffer num: 32[0m
[0;32mI (593) wifi:Init dynamic tx buffer num: 32[0m
[0;32mI (597) wifi:Init static rx buffer size: 1600[0m
[0;32mI (601) wifi:Init static rx buffer num: 10[0m
[0;32mI (605) wifi:Init dynamic rx buffer num: 32[0m
[0;32mI (610) wifi_init: rx ba win: 6[0m
[0;32mI (612) wifi_init: accept mbox: 6[0m
[0;32mI (615) wifi_init: tcpip mbox: 32[0m
[0;32mI (618) wifi_init: udp mbox: 6[0m
[0;32mI (621) wifi_init: tcp mbox: 6[0m
[0;32mI (623) wifi_init: tcp tx win: 5760[0m
[0;32mI (627) wifi_init: tcp rx win: 5760[0m
[0;32mI (630) wifi_init: tcp mss: 1440[0m
[0;32mI (633) wifi_init: WiFi IRAM OP enabled[0m
[0;32mI (636) wifi_init: WiFi RX IRAM OP enabled[0m
[0;33mW (641) wifi:Password length matches WPA2 standards, authmode threshold changes from OPEN to WPA2[0m
[0;32mI (650) phy_init: phy_version 4860,6b7a6e5,Feb  6 2025,14:47:07[0m
[0;32mI (727) wifi:mode : sta (00:4b:12:30:ad:d8)[0m
[0;32mI (728) wifi:enable tsf[0m
[0;32mI (746) wifi:new:<6,0>, old:<1,0>, ap:<255,255>, sta:<6,0>, prof:1, snd_ch_cfg:0x0[0m
[0;32mI (748) wifi:state: init -> auth (0xb0)[0m
[0;32mI (1750) wifi:state: auth -> init (0x200)[0m
[0;32mI (1754) wifi:new:<6,0>, old:<6,0>, ap:<255,255>, sta:<6,0>, prof:1, snd_ch_cfg:0x0[0m
[0;33mW (1756) profiler: WiFi disconnected, reconnecting...[0m
[0;33mW (4172) profiler: WiFi disconnected, reconnecting...[0m
[0;32mI (4241) wifi:new:<6,0>, old:<6,0>, ap:<255,255>, sta:<6,0>, prof:1, snd_ch_cfg:0x0[0m
[0;32mI (4242) wifi:state: init -> auth (0xb0)[0m
[0;32mI (4252) wifi:state: auth -> assoc (0x0)[0m
[0;32mI (4271) wifi:state: assoc -> run (0x10)[0m
[0;32mI (4297) wifi:connected with Stella, aid = 10, channel 6, BW20, bssid = 30:96:10:88:01:0c[0m
[0;32mI (4298) wifi:security: WPA2-PSK, phy: bgn, rssi: -77[0m
[0;32mI (4302) wifi:pm start, type: 1[0m

[0;32mI (4303) wifi:dp: 1, bi: 102400, li: 3, scale listen interval from 307200 us to 307200 us[0m
[0;32mI (4340) wifi:AP's beacon interval = 102400 us, DTIM period = 1[0m
[0;32mI (5347) esp_netif_handlers: sta ip: 192.168.5.107, mask: 255.255.255.0, gw: 192.168.5.1[0m
[0;32mI (5348) profiler: WiFi connected — IP: 192.168.5.107[0m
[0;32mI (5350) profiler: WiFi ready[0m
[0;32mI (5356) profiler: HTTP server started on port 80[0m
[0;32mI (5357) profiler: I2C bus scan:[0m
[0;32mI (5376) profiler:   Device found at 0x44[0m
[0;32mI (5389) profiler: I2C scan complete[0m
[1;31mE (5389) ina226_bsp: Failed to write config register: ESP_FAIL[0m
[1;31mE (5390) ina226_bsp: Failed to write config register: ESP_FAIL[0m
[0;32mI (5393) ina226_bsp: Initialized at 0x44, shunt=0.100 Ω, I_LSB=24.414 µA, CAL=2097[0m
[0;32mI (5401) ina226_bsp: Device verified: MFG=0x5449 DIE=0x2260[0m
[0;32mI (5405) profiler: INA226 ready at 0x44[0m
timestamp_ms,voltage_v,current_ma,power_mw
4893,3.447,-0.049,0.000
4917,3.449,-0.073,0.000
4940,3.449,-0.098,0.000
4965,3.450,-0.073,0.000
4988,3.449,-0.073,0.000
5011,3.447,-0.073,0.000
5034,3.447,-0.098,0.000
5057,3.450,-0.073,0.000
5081,3.450,-0.098,0.000
5104,3.450,-0.073,0.000
5127,3.450,-0.073,0.000
5150,3.450,-0.098,0.000
5178,3.450,-0.098,0.000
5201,3.450,-0.098,0.000
5224,3.449,-0.073,0.000
5247,3.447,-0.098,0.000
5272,3.450,-0.098,0.000
5295,3.449,-0.098,0.000
5318,3.449,-0.073,0.000
5341,3.449,-0.073,0.000
5364,3.450,-0.098,0.000
5388,3.447,-0.073,0.000
5411,3.447,-0.073,0.000
5434,3.449,-0.073,0.000
5457,3.450,-0.073,0.000
5480,3.450,-0.073,0.000
5503,3.449,-0.098,0.000
5526,3.449,-0.073,0.000
5549,3.449,-0.073,0.000
5572,3.450,-0.073,0.000
5596,3.449,-0.073,0.000
5619,3.449,-0.073,0.000
5642,3.449,-0.073,0.000
5666,3.450,-0.098,0.000
5690,3.451,-0.073,0.000
5713,3.447,-0.098,0.000
5736,3.449,-0.073,0.000
5759,3.449,-0.098,0.000
5783,3.450,-0.098,0.000
5806,3.450,-0.073,0.000
5829,3.447,-0.098,0.610
5852,3.449,-0.098,0.000
5875,3.449,-0.098,0.000
5899,3.447,-0.098,0.000
5922,3.447,-0.073,0.000
5945,3.447,-0.098,0.000
5968,3.447,-0.073,0.000
5993,3.449,-0.073,0.000
6016,3.447,-0.049,0.000
6040,3.447,-0.073,0.000
6065,3.450,-0.073,0.000
6088,3.451,-0.073,0.000
6112,3.451,-0.073,0.000
6135,3.450,-0.073,0.000
6158,3.449,-0.098,0.610
6181,3.449,-0.073,0.000
6205,3.449,-0.073,0.000
6228,3.447,-0.073,0.000
6251,3.447,-0.073,0.000
6274,3.449,-0.073,0.000
6297,3.447,-0.073,0.000
6320,3.449,-0.098,0.000
6343,3.447,-0.073,0.000
6366,3.447,-0.098,0.000
6389,3.449,-0.098,0.000
6413,3.449,-0.073,0.000
6436,3.447,-0.049,0.000
6459,3.447,-0.073,0.000
6482,3.447,-0.073,0.000
6507,3.449,-0.098,0.000
6530,3.447,-0.073,0.000
6553,3.447,-0.073,0.000
6576,3.449,-0.073,0.000
6599,3.449,-0.073,0.000
6623,3.449,-0.073,0.000
6646,3.447,-0.098,0.000
6669,3.449,-0.073,0.000
6692,3.449,-0.073,0.000
6716,3.449,-0.073,0.000
6739,3.449,-0.073,0.000
6762,3.449,-0.098,0.000
6785,3.447,-0.098,0.000
6809,3.447,-0.073,0.000
6832,3.449,-0.073,0.000
6855,3.447,-0.098,0.000
6878,3.449,-0.073,0.000
6901,3.447,-0.073,0.000
6925,3.450,-0.073,0.000
6948,3.447,-0.073,0.000
6971,3.447,-0.098,0.000
6994,3.447,-0.098,0.000
7019,3.449,-0.073,0.000
7042,3.449,-0.073,0.000
7066,3.450,-0.098,0.000
7089,3.447,-0.073,0.000
7112,3.450,-0.073,0.000
7136,3.450,-0.098,0.000
7159,3.449,-0.098,0.000
7182,3.447,-0.073,0.000
7205,3.449,-0.098,0.000
7229,3.449,-0.049,0.000
7252,3.449,-0.073,0.000
7275,3.447,-0.098,0.000
7298,3.449,-0.073,0.000
7321,3.447,-0.073,0.000
7344,3.447,-0.073,0.000
7367,3.449,-0.098,0.000
7390,3.447,-0.073,0.000
7413,3.447,-0.098,0.000
7437,3.447,-0.073,0.000
7460,3.449,-0.073,0.000
7483,3.449,-0.073,0.000
7506,3.449,-0.073,0.000
7531,3.447,-0.073,0.000
7554,3.447,-0.073,0.000
7577,3.447,-0.073,0.000
7600,3.447,-0.073,0.000
7623,3.447,-0.073,0.000
7647,3.447,-0.073,0.000
7670,3.447,-0.098,0.000
7693,3.446,-0.098,0.000
7716,3.447,-0.073,0.000
7740,3.447,-0.073,0.000
7763,3.447,-0.073,0.000
7786,3.449,-0.073,0.000
7809,3.447,-0.073,0.000
7833,3.449,-0.073,0.000
7856,3.447,-0.098,0.000
7879,3.447,-0.098,0.000
7902,3.447,-0.098,0.000
7925,3.447,-0.098,0.000
7949,3.449,-0.098,0.000
7972,3.449,-0.049,0.000
7995,3.447,-0.073,0.000
8018,3.449,-0.049,0.000
8042,3.449,-0.073,0.000
8066,3.450,-0.073,0.000
8089,3.450,-0.073,0.000
8112,3.451,-0.073,0.000
8137,3.450,-0.098,0.000
8161,3.450,-0.098,0.000
8184,3.450,-0.098,0.000
8207,3.449,-0.073,0.000
8230,3.449,-0.073,0.000
8254,3.447,-0.098,0.000
8277,3.449,-0.073,0.000
8300,3.449,-0.073,0.000
8323,3.447,-0.073,0.000
8346,3.449,-0.073,0.000
8369,3.449,-0.073,0.000
8392,3.447,-0.098,0.000
8415,3.449,-0.098,0.000
8438,3.449,-0.073,0.000
8462,3.447,-0.098,0.000
8485,3.447,-0.073,0.000
8508,3.449,-0.098,0.000
8531,3.449,-0.098,0.000
8556,3.449,-0.073,0.000
8579,3.449,-0.073,0.000
8602,3.447,-0.073,0.000
8625,3.447,-0.073,0.000
8649,3.447,-0.073,0.000
8672,3.449,-0.073,0.000
8695,3.447,-0.049,0.000
8718,3.449,-0.073,0.000
8741,3.447,-0.073,0.000
8764,3.447,-0.073,0.000
8787,3.447,-0.073,0.000
8810,3.447,-0.073,0.000
8833,3.449,-0.073,0.000
8857,3.449,-0.073,0.000
8880,3.449,-0.098,0.000
8903,3.447,-0.098,0.000
8926,3.449,-0.073,0.000
8949,3.449,-0.073,0.000
8973,3.447,-0.073,0.000
8996,3.447,-0.073,0.000
9019,3.447,-0.073,0.000
9042,3.449,-0.098,0.000
9067,3.447,-0.073,0.000
9090,3.447,-0.073,0.000
9113,3.449,-0.073,0.000
9136,3.447,-0.073,0.000
9159,3.449,-0.073,0.000
9183,3.447,-0.098,0.000
9206,3.449,-0.098,0.000
9229,3.447,-0.073,0.000
9252,3.450,-0.098,0.000
9276,3.447,-0.073,0.000
9299,3.447,-0.098,0.000
9322,3.447,-0.073,0.000
9345,3.449,-0.073,0.000
9369,3.447,-0.073,0.000
9392,3.447,-0.073,0.000
9415,3.447,-0.098,0.000
9438,3.449,-0.073,0.000
9461,3.449,-0.098,0.000
9485,3.447,-0.098,0.000
9508,3.447,-0.073,0.000
9531,3.447,-0.098,0.000
9554,3.447,-0.098,0.000
9578,3.449,-0.098,0.000
9601,3.447,-0.073,0.000
9624,3.449,-0.073,0.000
9647,3.447,-0.073,0.000
9670,3.450,-0.073,0.000
9694,3.447,-0.073,0.000
9717,3.449,-0.073,0.000
9740,3.449,-0.098,0.000
9763,3.449,-0.098,0.000
9787,3.449,-0.073,0.000
9810,3.447,-0.098,0.000
9833,3.449,-0.073,0.000
9856,3.447,-0.073,0.000
9881,3.447,-0.098,0.000
9904,3.449,-0.098,0.000
9927,3.449,-0.098,0.000
9950,3.449,-0.073,0.000
9973,3.447,-0.098,0.000
9997,3.447,-0.098,0.000
10020,3.449,-0.073,0.000
10043,3.447,-0.073,0.000
10066,3.449,-0.098,0.000
10091,3.447,-0.073,0.000
10114,3.449,-0.073,0.000
10137,3.449,-0.098,0.000
10160,3.449,-0.073,0.000
10183,3.447,-0.049,0.000
10207,3.447,-0.098,0.000
10230,3.447,-0.073,0.000
10253,3.447,-0.073,0.000
10276,3.449,-0.073,0.000
10300,3.447,-0.098,0.000
10323,3.447,-0.098,0.000
10346,3.447,-0.098,0.000
10369,3.449,-0.098,0.000
10393,3.449,-0.073,0.000
10416,3.447,-0.073,0.000
10439,3.449,-0.098,0.000
10462,3.447,-0.098,0.000
10485,3.450,-0.098,0.000
10509,3.449,-0.073,0.000
10532,3.447,-0.073,0.000
10555,3.447,-0.098,0.000
10578,3.449,-0.098,0.000
10603,3.447,-0.073,0.000
10626,3.447,-0.073,0.000
10649,3.449,-0.073,0.000
10672,3.447,-0.073,0.000
10695,3.447,-0.073,0.000
10719,3.447,-0.073,0.000
10742,3.447,-0.049,0.000
10765,3.447,-0.073,0.000
10788,3.450,-0.073,0.000
10812,3.449,-0.098,0.000
10835,3.449,-0.073,0.000
10858,3.449,-0.073,0.000
10881,3.447,-0.098,0.000
10905,3.449,-0.073,0.000
10928,3.447,-0.073,0.000
10951,3.447,-0.098,0.000
10974,3.447,-0.098,0.000
10997,3.450,-0.073,0.000
11021,3.447,-0.073,0.000
11044,3.447,-0.098,0.610
11067,3.447,-0.073,0.000
11090,3.447,-0.073,0.000
11114,3.449,-0.073,0.000
11137,3.447,-0.073,0.000
11160,3.447,-0.073,0.000
11183,3.450,-0.098,0.000
11206,3.451,-0.098,0.000
11230,3.449,-0.073,0.000
11253,3.447,-0.073,0.000
11276,3.447,-0.073,0.000
11299,3.447,-0.073,0.000
11323,3.450,-0.073,0.000
11346,3.449,-0.098,0.000
11369,3.447,-0.073,0.000
11392,3.449,-0.073,0.000
11417,3.450,-0.073,0.000
11440,3.449,-0.073,0.000
11463,3.449,-0.098,0.000
11486,3.447,-0.073,0.000
11509,3.450,-0.098,0.000
11532,3.450,-0.073,0.000
11555,3.449,-0.098,0.000
11578,3.450,-0.098,0.000
11601,3.451,-0.073,0.000
11626,3.450,-0.098,0.000
11649,3.447,-0.073,0.000
11672,3.449,-0.098,0.000
11695,3.447,-0.073,0.000
11718,3.450,-0.098,0.000
11742,3.447,-0.073,0.000
11765,3.447,-0.098,0.000
11788,3.449,-0.073,0.000
11811,3.450,-0.098,0.000
11835,3.447,-0.073,0.000
11858,3.447,-0.073,0.000
11881,3.449,-0.098,0.610
11904,3.449,-0.073,0.000
11929,3.450,-0.049,0.000
11953,3.449,-0.073,0.000
11976,3.447,-0.073,0.000
11999,3.449,-0.073,0.000
12022,3.450,-0.073,0.000
12046,3.449,-0.098,0.000
12069,3.447,-0.073,0.000
12092,3.449,-0.073,0.000
12115,3.451,-0.073,0.000
12140,3.449,-0.073,0.000
12163,3.449,-0.098,0.000
12186,3.449,-0.073,0.000
12209,3.447,-0.073,0.000
12233,3.449,-0.073,0.000
12257,3.449,-0.049,0.000
12280,3.447,-0.073,0.000
12303,3.449,-0.073,0.000
12326,3.450,-0.073,0.000
12350,3.449,-0.073,0.000
12373,3.447,-0.073,0.000
12396,3.447,-0.073,0.000
12419,3.449,-0.073,0.000
12442,3.449,-0.098,0.000
12466,3.449,-0.098,0.000
12489,3.447,-0.073,0.000
12512,3.447,-0.073,0.000
12535,3.449,-0.073,0.000
12559,3.449,-0.073,0.000
12582,3.449,-0.098,0.000
12605,3.447,-0.098,0.000
12629,3.450,-0.073,0.000
12653,3.451,-0.098,0.000
12676,3.449,-0.073,0.000
12699,3.449,-0.098,0.000
12722,3.449,-0.098,0.000
12746,3.450,-0.073,0.000
12769,3.449,-0.098,0.000
12792,3.449,-0.098,0.000
12815,3.449,-0.098,0.000
12838,3.450,-0.073,0.000
12862,3.447,-0.073,0.000
12885,3.449,-0.098,0.000
12908,3.449,-0.098,0.000
12931,3.449,-0.098,0.000
12954,3.450,-0.073,0.000
12977,3.449,-0.073,0.000
13000,3.449,-0.073,0.000
13023,3.449,-0.073,0.000
13046,3.450,-0.073,0.000
13069,3.451,-0.073,0.000
13092,3.450,-0.098,0.000
13115,3.451,-0.098,0.000
13138,3.450,-0.098,0.000
13163,3.450,-0.073,0.000
13186,3.449,-0.098,0.000
13209,3.449,-0.098,0.000
13232,3.449,-0.098,0.000
13255,3.450,-0.073,0.000
13279,3.449,-0.073,0.000
13302,3.447,-0.073,0.000
13325,3.447,-0.073,0.000
13348,3.450,-0.098,0.000
13372,3.449,-0.098,0.000
13395,3.449,-0.073,0.000
13418,3.449,-0.098,0.000
13441,3.449,-0.098,0.000
13465,3.450,-0.073,0.000
13488,3.449,-0.073,0.000
13511,3.449,-0.073,0.000
13534,3.449,-0.098,0.000
13557,3.450,-0.073,0.000
13581,3.447,-0.073,0.000
13604,3.449,-0.073,0.000
13627,3.449,-0.098,0.000
13650,3.450,-0.098,0.000
13674,3.447,-0.073,0.000
13697,3.447,-0.073,0.000
13720,3.447,-0.098,0.000
13743,3.447,-0.098,0.000
13766,3.450,-0.098,0.000
13790,3.449,-0.098,0.000
13813,3.449,-0.073,0.000
13836,3.447,-0.098,0.000
13859,3.450,-0.073,0.000
13883,3.447,-0.073,0.000
13906,3.449,-0.098,0.000
13929,3.449,-0.073,0.000
13952,3.447,-0.073,0.000
13977,3.450,-0.098,0.000
14000,3.447,-0.073,0.000
14023,3.447,-0.073,0.000
14046,3.449,-0.073,0.000
14069,3.450,-0.098,0.000
14093,3.447,-0.098,0.000
14116,3.449,-0.073,0.000
14139,3.449,-0.073,0.000
14162,3.450,-0.098,0.000
14186,3.449,-0.073,0.000
14209,3.447,-0.073,0.000
14232,3.449,-0.073,0.000
14255,3.449,-0.073,0.000
14278,3.450,-0.073,0.000
14302,3.451,-0.073,0.000
14325,3.449,-0.073,0.000
14348,3.447,-0.098,0.000
14371,3.450,-0.073,0.000
14395,3.449,-0.073,0.000
14418,3.447,-0.098,0.000
14441,3.447,-0.073,0.000
14464,3.449,-0.073,0.000
14489,3.450,-0.098,0.000
14512,3.449,-0.098,0.000
14535,3.449,-0.073,0.000
14558,3.449,-0.073,0.000
14581,3.450,-0.073,0.000
14605,3.449,-0.073,0.000
14628,3.449,-0.073,0.000
14651,3.449,-0.098,0.000
14674,3.450,-0.098,0.000
14699,3.449,-0.073,0.000
14722,3.449,-0.073,0.000
14745,3.449,-0.098,0.000
14768,3.449,-0.098,0.000
14791,3.450,-0.098,0.000
14815,3.449,-0.073,0.000
14838,3.449,-0.073,0.000
14861,3.449,-0.098,0.000
14884,3.450,-0.098,0.000
14908,3.449,-0.073,0.000
14931,3.449,-0.098,0.000
14954,3.449,-0.073,0.000
14977,3.447,-0.073,0.000
15001,3.450,-0.049,0.000
15024,3.449,-0.073,0.000
15047,3.449,-0.049,0.000
15070,3.449,-0.073,0.000
15093,3.450,-0.073,0.000
15117,3.447,-0.073,0.000
15140,3.449,-0.098,0.000
15163,3.447,-0.073,0.000
15186,3.450,-0.098,0.000
15210,3.447,-0.073,0.000
15233,3.447,-0.073,0.000
15256,3.449,-0.098,0.610
15279,3.447,-0.073,0.000
15302,3.450,-0.073,0.000
15326,3.447,-0.098,0.000
15349,3.449,-0.073,0.000
15372,3.449,-0.098,0.000
15395,3.450,-0.073,0.000
15419,3.449,-0.098,0.000
15442,3.447,-0.073,0.000
15465,3.449,-0.073,0.000
15488,3.447,-0.098,0.000
15513,3.450,-0.098,0.000
15536,3.447,-0.098,0.000
15559,3.447,-0.098,0.000
15582,3.449,-0.073,0.000
15605,3.450,-0.073,0.000
15629,3.449,-0.098,0.000
15652,3.447,-0.098,0.000
15675,3.447,-0.073,0.000
15698,3.451,-0.098,0.000
15722,3.450,-0.049,0.000
15745,3.451,-0.098,0.000
15768,3.450,-0.073,0.000
15791,3.450,-0.098,0.000
15814,3.449,-0.073,0.000
15838,3.449,-0.098,0.000
15861,3.447,-0.098,0.000
15884,3.449,-0.098,0.000
15907,3.450,-0.073,0.000
15931,3.450,-0.098,0.000
15954,3.447,-0.098,0.000
15977,3.449,-0.098,0.000
16000,3.447,-0.073,0.000
16025,3.450,-0.098,0.000
16048,3.449,-0.098,0.000
16071,3.449,-0.073,0.000
16094,3.447,-0.073,0.000
16117,3.450,-0.098,0.000
16141,3.447,-0.098,0.000
16164,3.450,-0.098,0.000
16187,3.447,-0.073,0.000
16210,3.449,-0.098,0.000
16233,3.449,-0.073,0.000
16256,3.449,-0.073,0.000
16279,3.447,-0.073,0.000
16302,3.449,-0.098,0.000
16325,3.450,-0.073,0.000
16349,3.449,-0.073,0.000
16372,3.447,-0.098,0.000
16395,3.449,-0.073,0.000
16418,3.450,-0.098,0.000
16442,3.449,-0.073,0.000
16465,3.449,-0.073,0.000
16488,3.449,-0.098,0.000
16511,3.449,-0.073,0.000
16536,3.450,-0.073,0.000
16559,3.449,-0.073,0.000
16582,3.447,-0.049,0.000
16605,3.447,-0.098,0.000
16628,3.450,-0.073,0.000
16652,3.449,-0.073,0.000
16675,3.447,-0.098,0.000
16698,3.449,-0.098,0.000
16721,3.450,-0.098,0.000
16746,3.450,-0.098,0.610
16769,3.449,-0.073,0.000
16792,3.449,-0.073,0.000
16815,3.449,-0.073,0.000
16838,3.450,-0.073,0.000
16862,3.447,-0.073,0.000
16885,3.447,-0.098,0.000
16908,3.449,-0.073,0.000
16931,3.450,-0.073,0.000
16955,3.447,-0.098,0.000
16978,3.447,-0.098,0.000
17001,3.449,-0.073,0.000
17024,3.449,-0.073,0.000
17049,3.450,-0.073,0.000
17072,3.447,-0.098,0.000
17095,3.447,-0.098,0.000
17118,3.449,-0.073,0.000
17141,3.450,-0.098,0.000
17165,3.449,-0.098,0.000
17188,3.449,-0.073,0.000
17211,3.449,-0.073,0.000
17234,3.449,-0.073,0.000
17259,3.447,-0.049,0.000
17282,3.447,-0.073,0.000
17305,3.447,-0.073,0.000
17328,3.449,-0.049,0.000
17351,3.450,-0.098,0.000
17375,3.447,-0.098,0.000
17398,3.449,-0.073,0.000
17421,3.447,-0.073,0.000
[0;32mI (17966) wifi:<ba-add>idx:0 (ifx:0, 30:96:10:88:01:0c), tid:0, ssn:0, winSize:64[0m
17444,3.450,-0.073,0.000
17470,3.451,-0.073,0.000
17493,3.450,-0.073,0.000
17516,3.451,-0.073,0.000
17539,3.449,-0.073,0.000
17562,3.451,-0.098,0.000
17585,3.447,-0.073,0.000
17608,3.447,-0.073,0.000
17631,3.449,-0.073,0.000
17654,3.450,-0.073,0.000
17678,3.449,-0.073,0.000
17701,3.449,-0.098,0.000
17724,3.447,-0.073,0.000
17747,3.450,-0.073,0.610
17772,3.449,-0.073,0.000
17795,3.449,-0.073,0.000
17818,3.447,-0.073,0.000
17841,3.447,-0.098,0.000
17865,3.450,-0.098,0.000
17889,3.447,-0.098,0.000
17912,3.449,-0.098,0.000
17935,3.449,-0.098,0.000
17958,3.449,-0.073,0.000
17982,3.450,-0.098,0.000
18005,3.450,-0.073,0.000
18030,3.450,-0.098,0.000
18053,3.450,-0.073,0.000
18078,3.447,-0.073,0.000
18101,3.447,-0.098,0.000
18124,3.449,-0.073,0.000
18147,3.449,-0.073,0.000
18170,3.450,-0.073,0.000
18194,3.447,-0.073,0.000
18217,3.447,-0.073,0.000
18240,3.447,-0.098,0.000
18263,3.450,-0.098,0.000
18287,3.449,-0.073,0.000
18310,3.449,-0.098,0.000
18333,3.449,-0.073,0.000
18356,3.447,-0.098,0.610
18380,3.450,-0.073,0.000
18403,3.447,-0.098,0.000
18426,3.447,-0.098,0.000
18449,3.447,-0.073,0.000
18472,3.450,-0.073,0.000
18496,3.450,-0.073,0.000
18519,3.450,-0.073,0.000
18542,3.450,-0.098,0.000
18565,3.449,-0.073,0.000
18590,3.449,-0.098,0.000
18613,3.449,-0.073,0.000
18636,3.447,-0.098,0.000
18659,3.449,-0.073,0.000
18682,3.450,-0.098,0.000
18706,3.447,-0.073,0.000
18729,3.449,-0.073,0.000
18752,3.447,-0.073,0.000
18775,3.450,-0.073,0.000
18799,3.447,-0.098,0.000
18822,3.449,-0.073,0.000
18845,3.447,-0.073,0.000
18868,3.447,-0.073,0.000
18892,3.450,-0.098,0.000
18915,3.449,-0.073,0.000
18938,3.447,-0.073,0.000
18961,3.447,-0.098,0.000
18984,3.449,-0.073,0.000
19008,3.449,-0.073,0.000
19031,3.447,-0.098,0.000
19054,3.447,-0.098,0.000
19077,3.450,-0.073,0.000
19101,3.449,-0.073,0.000
19124,3.447,-0.073,0.000
19147,3.449,-0.073,0.000
19170,3.449,-0.098,0.000
19193,3.450,-0.098,0.000
19217,3.449,-0.073,0.000
19240,3.449,-0.098,0.000
19263,3.449,-0.098,0.000
19286,3.450,-0.073,0.000
19310,3.449,-0.073,0.000
19333,3.447,-0.073,0.000
19356,3.449,-0.098,0.000
19379,3.449,-0.098,0.000
19404,3.450,-0.073,0.000
19427,3.449,-0.073,0.000
19450,3.449,-0.049,0.000
19473,3.447,-0.098,0.610
19496,3.450,-0.073,0.000
19520,3.449,-0.098,0.000
19543,3.449,-0.073,0.000
19566,3.449,-0.073,0.000
19589,3.450,-0.073,0.000
19613,3.449,-0.073,0.000
19636,3.447,-0.073,0.000
19659,3.447,-0.098,0.000
19682,3.449,-0.098,0.000
19705,3.450,-0.073,0.000
19729,3.449,-0.073,0.000
19752,3.447,-0.073,0.000
19775,3.449,-0.073,0.000
19798,3.450,-0.098,0.000
19822,3.449,-0.073,0.000
19845,3.449,-0.073,0.000
19868,3.449,-0.098,0.000
19891,3.449,-0.098,0.000
19916,3.449,-0.098,0.000
19939,3.449,-0.073,0.000
19962,3.447,-0.098,0.000
19985,3.449,-0.098,0.000
20008,3.450,-0.073,0.000
20032,3.447,-0.098,0.000
20055,3.447,-0.073,0.000
20078,3.449,-0.073,0.000
20101,3.450,-0.098,0.000
20125,3.450,-0.073,0.000
20148,3.449,-0.098,0.000
20171,3.449,-0.098,0.000
20194,3.447,-0.098,0.000
20217,3.450,-0.098,0.000
20241,3.447,-0.073,0.000
20264,3.449,-0.073,0.000
20287,3.449,-0.098,0.000
20310,3.450,-0.073,0.000
20334,3.450,-0.073,0.000
20357,3.449,-0.073,0.000
20380,3.449,-0.073,0.000
20403,3.449,-0.098,0.000
20428,3.450,-0.073,0.000
20451,3.449,-0.073,0.000
20474,3.449,-0.073,0.000
20497,3.447,-0.073,0.000
20520,3.450,-0.098,0.000
20544,3.449,-0.073,0.000
20567,3.447,-0.073,0.000
20590,3.449,-0.073,0.000
20613,3.450,-0.098,0.000
20638,3.449,-0.098,0.000
20661,3.447,-0.073,0.000
20684,3.447,-0.073,0.000
20707,3.449,-0.073,0.000
20730,3.450,-0.073,0.000
20754,3.449,-0.098,0.000
20777,3.449,-0.073,0.000
20800,3.447,-0.073,0.000
20823,3.450,-0.073,0.000
20847,3.447,-0.073,0.000
20870,3.447,-0.073,0.000
20893,3.447,-0.098,0.000
20916,3.449,-0.098,0.000
20940,3.450,-0.098,0.000
20963,3.449,-0.073,0.000
20986,3.449,-0.073,0.000
21009,3.447,-0.073,0.000
21032,3.451,-0.098,0.000
21056,3.447,-0.098,0.000
21079,3.447,-0.073,0.000
21102,3.449,-0.073,0.000
21125,3.451,-0.073,0.000
21150,3.449,-0.049,0.000
21173,3.447,-0.098,0.000
21196,3.449,-0.073,0.000
21219,3.449,-0.073,0.000
21242,3.450,-0.073,0.000
21266,3.449,-0.098,0.000
21289,3.447,-0.073,0.000
21312,3.449,-0.073,0.000
21335,3.449,-0.073,0.000
21359,3.449,-0.073,0.000
21382,3.449,-0.073,0.000
21405,3.449,-0.049,0.000
21428,3.449,-0.049,0.000
21452,3.451,-0.073,0.000
21475,3.449,-0.073,0.000
21498,3.449,-0.073,0.000
21521,3.449,-0.073,0.000
21544,3.449,-0.073,0.000
21568,3.447,-0.098,0.000
21591,3.449,-0.098,0.000
21614,3.449,-0.098,0.000
21637,3.450,-0.073,0.000
21661,3.449,-0.073,0.000
21684,3.449,-0.098,0.000
21707,3.449,-0.073,0.000
21730,3.449,-0.073,0.000
21753,3.450,-0.073,0.000
21777,3.449,-0.073,0.000
21800,3.449,-0.073,0.000
21823,3.449,-0.073,0.000
21846,3.450,-0.073,0.000
21870,3.449,-0.073,0.000
21893,3.449,-0.098,0.000
21916,3.449,-0.073,0.000
21939,3.449,-0.073,0.000
21964,3.450,-0.073,0.000
21987,3.449,-0.098,0.610
22010,3.449,-0.098,0.000
22033,3.447,-0.098,0.000
22056,3.450,-0.073,0.000
22080,3.447,-0.073,0.000
22103,3.449,-0.098,0.000
22126,3.449,-0.098,0.000
22149,3.449,-0.098,0.000
22174,3.449,-0.073,0.000
22197,3.449,-0.098,0.000
22220,3.447,-0.098,0.000
22243,3.449,-0.073,0.000
22266,3.450,-0.049,0.000
22290,3.447,-0.073,0.000
22313,3.449,-0.098,0.000
22336,3.449,-0.073,0.000
22359,3.450,-0.073,0.000
22383,3.447,-0.098,0.000
22406,3.449,-0.073,0.000
22429,3.449,-0.073,0.000
22452,3.449,-0.098,0.000
22476,3.449,-0.073,0.000
22499,3.447,-0.098,0.000
22522,3.449,-0.073,0.000
22545,3.447,-0.073,0.000
22568,3.450,-0.073,0.000
22592,3.449,-0.073,0.000
22615,3.449,-0.073,0.000
22638,3.447,-0.098,0.000
22661,3.450,-0.098,0.000
22686,3.449,-0.098,0.000
22709,3.449,-0.073,0.000
22732,3.447,-0.098,0.000
22755,3.449,-0.098,0.000
22778,3.450,-0.073,0.000
22802,3.447,-0.098,0.000
22825,3.449,-0.073,0.000
22848,3.447,-0.073,0.000
22871,3.450,-0.073,0.000
22895,3.449,-0.073,0.000
22918,3.447,-0.073,0.000
22941,3.447,-0.073,0.000
22964,3.449,-0.073,0.000
22988,3.449,-0.098,0.000
23011,3.449,-0.073,0.000
23034,3.447,-0.073,0.000
23057,3.447,-0.073,0.000
23080,3.450,-0.098,0.000
23104,3.447,-0.073,0.000
23127,3.449,-0.073,0.000
23150,3.447,-0.098,0.000
23173,3.447,-0.098,0.000
23198,3.447,-0.073,0.000
23221,3.449,-0.098,0.000
23244,3.447,-0.098,0.000
23267,3.447,-0.073,0.000
23290,3.450,-0.073,0.000
23314,3.449,-0.098,0.000
23337,3.449,-0.073,0.000
23360,3.447,-0.098,0.000
23383,3.450,-0.073,0.000
23407,3.447,-0.073,0.000
23430,3.449,-0.073,0.000
23453,3.449,-0.073,0.000
23476,3.449,-0.098,0.000
23500,3.450,-0.073,0.000
23523,3.447,-0.098,0.000
23546,3.447,-0.073,0.000
23569,3.447,-0.098,0.000
23592,3.450,-0.098,0.000
23616,3.447,-0.073,0.000
23639,3.447,-0.073,0.000
23662,3.449,-0.073,0.000
23685,3.449,-0.073,0.000
23710,3.449,-0.073,0.000
23733,3.447,-0.073,0.000
23756,3.447,-0.098,0.000
23779,3.447,-0.073,0.000
23802,3.450,-0.073,0.000
23826,3.447,-0.098,0.000
23849,3.449,-0.073,0.000
23872,3.447,-0.073,0.000
23895,3.449,-0.098,0.000
23919,3.447,-0.098,0.000
23942,3.449,-0.098,0.000
23965,3.447,-0.073,0.000
23988,3.447,-0.073,0.000
24012,3.450,-0.073,0.000
24035,3.447,-0.073,0.000
24058,3.447,-0.098,0.000
24081,3.449,-0.073,0.000
24104,3.450,-0.098,0.000
24128,3.447,-0.098,0.000
24151,3.447,-0.098,0.000
24174,3.449,-0.073,0.000
24197,3.449,-0.098,0.000
24222,3.447,-0.073,0.000
24245,3.447,-0.073,0.000
24268,3.449,-0.073,0.000
24291,3.447,-0.073,0.000
24314,3.449,-0.073,0.000
24338,3.447,-0.073,0.000
24361,3.447,-0.098,0.000
24384,3.449,-0.073,0.000
24407,3.450,-0.073,0.000
24431,3.447,-0.073,0.000
24454,3.447,-0.073,0.000
24477,3.449,-0.073,0.000
24500,3.447,-0.073,0.000
24524,3.450,-0.073,0.000
24547,3.447,-0.073,0.000
24570,3.449,-0.073,0.000
24593,3.449,-0.073,0.000
24616,3.449,-0.098,0.000
24640,3.449,-0.098,0.000
24663,3.447,-0.073,0.000
24686,3.447,-0.098,0.000
24709,3.449,-0.098,0.000
24733,3.447,-0.098,0.000
24756,3.449,-0.098,0.000
24779,3.449,-0.073,0.000
24802,3.447,-0.073,0.000
24825,3.450,-0.098,0.000
24849,3.447,-0.098,0.000
24872,3.449,-0.098,0.000
24895,3.447,-0.073,0.000
24918,3.450,-0.098,0.000
24942,3.447,-0.073,0.000
24965,3.449,-0.073,0.000
24988,3.449,-0.073,0.000
25011,3.449,-0.073,0.000
25036,3.449,-0.073,0.000
25059,3.447,-0.073,0.000
25082,3.447,-0.073,0.000
25105,3.447,-0.098,0.000
25128,3.450,-0.098,0.000
25152,3.447,-0.073,0.000
25175,3.449,-0.073,0.000
25198,3.447,-0.073,0.000
25221,3.449,-0.073,0.000
25246,3.449,-0.073,0.000
25269,3.449,-0.073,0.000
25292,3.449,-0.098,0.000
25315,3.447,-0.073,0.000
25338,3.449,-0.098,0.000
25362,3.449,-0.098,0.000
25385,3.447,-0.098,0.000
25408,3.449,-0.073,0.000
25431,3.450,-0.073,0.000
25455,3.447,-0.073,0.000
25478,3.447,-0.073,0.000
25501,3.447,-0.073,0.000
25524,3.449,-0.073,0.000
25548,3.450,-0.073,0.000
25571,3.447,-0.098,0.610
25594,3.447,-0.073,0.000
25617,3.447,-0.098,0.000
25640,3.450,-0.073,0.000
25664,3.447,-0.073,0.000
25687,3.447,-0.073,0.000
25710,3.446,-0.073,0.000
25733,3.449,-0.098,0.000
25758,3.449,-0.073,0.000
25781,3.447,-0.073,0.000
25804,3.446,-0.073,0.000
25827,3.447,-0.098,0.000
25850,3.449,-0.073,0.000
25874,3.447,-0.073,0.000
25897,3.446,-0.073,0.000
25920,3.446,-0.073,0.000
25943,3.449,-0.098,0.000
25967,3.446,-0.073,0.000
25990,3.446,-0.073,0.000
26013,3.446,-0.098,0.000
26036,3.447,-0.073,0.000
26060,3.449,-0.073,0.000
26083,3.446,-0.073,0.000
26106,3.447,-0.073,0.000
26129,3.447,-0.098,0.000
26152,3.449,-0.073,0.000
26176,3.447,-0.098,0.000
26199,3.446,-0.073,0.000
26222,3.447,-0.098,0.000
26245,3.449,-0.073,0.000
26270,3.446,-0.073,0.000
26293,3.447,-0.073,0.000
26316,3.446,-0.073,0.000
26339,3.446,-0.098,0.000
26362,3.449,-0.098,0.000
26386,3.446,-0.073,0.000
26409,3.447,-0.073,0.000
26432,3.447,-0.073,0.000
26455,3.449,-0.073,0.000
26479,3.446,-0.073,0.000
26502,3.446,-0.073,0.000
26525,3.447,-0.073,0.000
26548,3.447,-0.073,0.000
26572,3.449,-0.073,0.000
26595,3.447,-0.073,0.000
26618,3.446,-0.073,0.000
26641,3.447,-0.098,0.000
26664,3.447,-0.073,0.000
26688,3.447,-0.073,0.000
26711,3.447,-0.098,0.000
26734,3.446,-0.098,0.000
26757,3.449,-0.073,0.000
26782,3.449,-0.098,0.000
26805,3.446,-0.073,0.000
26828,3.447,-0.098,0.000
26851,3.447,-0.073,0.000
26874,3.449,-0.073,0.000
26898,3.447,-0.073,0.000
26921,3.446,-0.073,0.000
26944,3.447,-0.073,0.000
26967,3.449,-0.073,0.000
26991,3.447,-0.073,0.000
27014,3.446,-0.073,0.000
27037,3.447,-0.073,0.000
27060,3.447,-0.073,0.000
27084,3.449,-0.098,0.000
27107,3.446,-0.073,0.000
27130,3.446,-0.073,0.000
27153,3.447,-0.073,0.000
27176,3.449,-0.098,0.000
27200,3.447,-0.073,0.000
27223,3.447,-0.073,0.000
27246,3.446,-0.098,0.000
27269,3.449,-0.073,0.000
27293,3.447,-0.073,0.000
27316,3.446,-0.073,0.000
27339,3.446,-0.098,0.000
27362,3.446,-0.073,0.000
27385,3.449,-0.073,0.000
27409,3.446,-0.073,0.000
27432,3.447,-0.073,0.000
27455,3.446,-0.073,0.000
27478,3.447,-0.098,0.000
27502,3.446,-0.073,0.000
27525,3.447,-0.098,0.000
27548,3.447,-0.073,0.000
27571,3.447,-0.073,0.000
27596,3.449,-0.073,0.610
27619,3.446,-0.073,0.000
27642,3.447,-0.073,0.000
27665,3.446,-0.073,0.000
27688,3.449,-0.073,0.000
27712,3.446,-0.073,0.000
27735,3.446,-0.073,0.000
27758,3.446,-0.073,0.000
27781,3.449,-0.073,0.000
27806,3.446,-0.073,0.000
27829,3.447,-0.098,0.000
27852,3.447,-0.098,0.000
27875,3.446,-0.073,0.000
27898,3.449,-0.098,0.000
27922,3.447,-0.098,0.000
27945,3.446,-0.073,0.000
27968,3.446,-0.098,0.000
27991,3.449,-0.073,0.000
28015,3.446,-0.073,0.000
28038,3.447,-0.073,0.000
28061,3.446,-0.073,0.000
28084,3.447,-0.073,0.000
28108,3.449,-0.073,0.000
28131,3.447,-0.073,0.000
28154,3.447,-0.073,0.000
28177,3.447,-0.073,0.000
28200,3.447,-0.073,0.000
28224,3.447,-0.073,0.000
28247,3.446,-0.073,0.000
28270,3.446,-0.073,0.000
28293,3.447,-0.073,0.000
28318,3.449,-0.073,0.000
28341,3.447,-0.073,0.000
28364,3.446,-0.098,0.000
28387,3.446,-0.073,0.000
28410,3.447,-0.073,0.000
28434,3.447,-0.098,0.000
28457,3.447,-0.098,0.000
28480,3.447,-0.098,0.000
28503,3.447,-0.098,0.000
28527,3.447,-0.073,0.000
28550,3.447,-0.098,0.000
28573,3.446,-0.098,0.000
28596,3.446,-0.098,0.000
28620,3.447,-0.073,0.000
28644,3.446,-0.073,0.000
28667,3.446,-0.098,0.000
28690,3.447,-0.073,0.000
28713,3.449,-0.073,0.000
28737,3.447,-0.073,0.000
28760,3.447,-0.073,0.000
28783,3.446,-0.073,0.000
28806,3.449,-0.073,0.000
28831,3.446,-0.098,0.000
28854,3.447,-0.073,0.000
28877,3.446,-0.073,0.000
28900,3.447,-0.098,0.000
28924,3.449,-0.073,0.000
28947,3.447,-0.098,0.000
28970,3.446,-0.073,0.000
28993,3.447,-0.098,0.000
29016,3.449,-0.073,0.000
29040,3.447,-0.098,0.000
29063,3.447,-0.073,0.000
29086,3.447,-0.073,0.000
29109,3.447,-0.073,0.000
29132,3.449,-0.049,0.000
29155,3.446,-0.073,0.000
29178,3.447,-0.073,0.000
29201,3.446,-0.098,0.000
29224,3.449,-0.098,0.000
29248,3.447,-0.098,0.000
29271,3.447,-0.073,0.000
29294,3.447,-0.073,0.000
29317,3.449,-0.098,0.000
29342,3.447,-0.073,0.000
29365,3.446,-0.073,0.000
29388,3.446,-0.073,0.000
29411,3.446,-0.073,0.000
29434,3.449,-0.073,0.000
29458,3.447,-0.073,0.000
29481,3.446,-0.073,0.000
29504,3.446,-0.098,0.000
29527,3.449,-0.098,0.000
29551,3.446,-0.073,0.000
29574,3.446,-0.098,0.000
29597,3.447,-0.073,0.000
29620,3.446,-0.073,0.000
29644,3.449,-0.073,0.000
29667,3.446,-0.098,0.000
29690,3.447,-0.073,0.000
29713,3.447,-0.098,0.000
29736,3.449,-0.073,0.000
29760,3.447,-0.073,0.000
29783,3.447,-0.073,0.000
29806,3.447,-0.049,0.000
29829,3.449,-0.073,0.000
29854,3.447,-0.073,0.000
29877,3.447,-0.073,0.000
29900,3.447,-0.073,0.000
29923,3.447,-0.073,0.000
29946,3.449,-0.073,0.000
29970,3.447,-0.073,0.000
29993,3.447,-0.073,0.000
30016,3.447,-0.073,0.000
30039,3.447,-0.073,0.000
30063,3.446,-0.073,0.000
30086,3.446,-0.073,0.000
30109,3.446,-0.073,0.000
30132,3.447,-0.073,0.000
30156,3.449,-0.098,0.000
30179,3.447,-0.073,0.000
30202,3.447,-0.098,0.000
30225,3.447,-0.073,0.000
30248,3.447,-0.098,0.000
30272,3.447,-0.098,0.000
30295,3.447,-0.098,0.000
30318,3.447,-0.073,0.000
30341,3.447,-0.073,0.000
30366,3.447,-0.073,0.000
30389,3.446,-0.098,0.000
30412,3.446,-0.073,0.000
30435,3.447,-0.073,0.000
30458,3.449,-0.073,0.000
30482,3.446,-0.073,0.000
30505,3.446,-0.098,0.610
30528,3.447,-0.073,0.000
30551,3.449,-0.073,0.000
30574,3.449,-0.073,0.000
30597,3.449,-0.098,0.000
30620,3.449,-0.073,0.000
30643,3.447,-0.073,0.000
30666,3.447,-0.073,0.000
30689,3.447,-0.073,0.000
30712,3.446,-0.073,0.000
30735,3.447,-0.073,0.000
30758,3.449,-0.073,0.000
30782,3.447,-0.098,0.000
30805,3.446,-0.073,0.000
30828,3.449,-0.073,0.000
30851,3.447,-0.073,0.000
30874,3.449,-0.098,0.000
30897,3.447,-0.073,0.000
30920,3.447,-0.073,0.000
30943,3.447,-0.073,0.000
30966,3.447,-0.073,0.000
30990,3.447,-0.073,0.000
31013,3.446,-0.073,0.000
31036,3.447,-0.073,0.000
31059,3.449,-0.098,0.000
31084,3.449,-0.098,0.000
31107,3.446,-0.098,0.000
31130,3.446,-0.073,0.000
31153,3.447,-0.098,0.000
31177,3.449,-0.073,0.000
31200,3.447,-0.073,0.000
31223,3.446,-0.073,0.000
31246,3.446,-0.098,0.000
31269,3.447,-0.098,0.000
31293,3.447,-0.073,0.000
31316,3.447,-0.073,0.000
31339,3.447,-0.073,0.000
31362,3.446,-0.073,0.000
31385,3.449,-0.073,0.000
31409,3.447,-0.098,0.000
31432,3.447,-0.073,0.000
31455,3.446,-0.073,0.000
31478,3.449,-0.073,0.000
31502,3.447,-0.073,0.000
31525,3.447,-0.073,0.000
31548,3.447,-0.098,0.000
31571,3.449,-0.073,0.000
31596,3.447,-0.073,0.000
31619,3.447,-0.073,0.000
31642,3.447,-0.073,0.000
31665,3.447,-0.073,0.000
31689,3.449,-0.073,0.000
31713,3.447,-0.098,0.000
31736,3.447,-0.073,0.000
31759,3.446,-0.073,0.000
31782,3.449,-0.073,0.000
31806,3.446,-0.073,0.610
31829,3.446,-0.073,0.000
31852,3.446,-0.073,0.000
31875,3.447,-0.073,0.000
31898,3.449,-0.073,0.000
31921,3.446,-0.073,0.000
31944,3.446,-0.049,0.000
31967,3.446,-0.073,0.000
31990,3.447,-0.073,0.000
32014,3.446,-0.073,0.000
32037,3.446,-0.098,0.000
32060,3.447,-0.073,0.000
32083,3.447,-0.098,0.000
32108,3.447,-0.073,0.000
32131,3.446,-0.073,0.000
32154,3.447,-0.073,0.000
32177,3.446,-0.073,0.000
32201,3.449,-0.098,0.000
32225,3.446,-0.073,0.000
32248,3.446,-0.073,0.000
32271,3.446,-0.098,0.000
32294,3.449,-0.073,0.000
32318,3.447,-0.049,0.000
32341,3.446,-0.098,0.000
32364,3.446,-0.073,0.000
32387,3.447,-0.073,0.000
32410,3.449,-0.073,0.000
32433,3.447,-0.073,0.000
32456,3.446,-0.073,0.000
32479,3.447,-0.098,0.000
32502,3.449,-0.073,0.000
32526,3.447,-0.073,0.000
32549,3.447,-0.073,0.000
32572,3.446,-0.098,0.000
32595,3.449,-0.098,0.000
32620,3.447,-0.073,0.000
32643,3.446,-0.073,0.000
32666,3.447,-0.098,0.000
32689,3.447,-0.098,0.000
32713,3.450,-0.098,0.000
32737,3.447,-0.073,0.000
32760,3.447,-0.073,0.000
32783,3.447,-0.073,0.000
32806,3.449,-0.073,0.000
32830,3.446,-0.098,0.000
32853,3.447,-0.073,0.000
32876,3.447,-0.049,0.000
32899,3.447,-0.073,0.000
32922,3.447,-0.073,0.000
32945,3.447,-0.098,0.610
32968,3.447,-0.073,0.000
32991,3.446,-0.098,0.000
33014,3.449,-0.073,0.000
33038,3.447,-0.073,0.000
33061,3.447,-0.049,0.000
33084,3.446,-0.098,0.000
33107,3.449,-0.073,0.000
33131,3.447,-0.098,0.000
33154,3.447,-0.098,0.000
33177,3.446,-0.098,0.000
33200,3.446,-0.073,0.000
33223,3.449,-0.098,0.000
33247,3.446,-0.073,0.000
33270,3.447,-0.073,0.000
33293,3.447,-0.073,0.000
33316,3.449,-0.073,0.000
33340,3.447,-0.073,0.000
33363,3.446,-0.073,0.000
33386,3.447,-0.073,0.000
33409,3.447,-0.098,0.000
33433,3.449,-0.073,0.000
33456,3.447,-0.073,0.000
33479,3.446,-0.073,0.000
33502,3.447,-0.073,0.000
33525,3.449,-0.073,0.000
33549,3.447,-0.073,0.000
33572,3.447,-0.073,0.000
33595,3.449,-0.049,0.000
33618,3.447,-0.098,0.000
33643,3.447,-0.073,0.000
33666,3.446,-0.073,0.000
33689,3.447,-0.098,0.000
33712,3.447,-0.073,0.000
33735,3.449,-0.098,0.000
33759,3.446,-0.073,0.000
33782,3.447,-0.098,0.000
33805,3.447,-0.098,0.000
33828,3.450,-0.098,0.000
33852,3.446,-0.073,0.000
33875,3.447,-0.073,0.000
33898,3.447,-0.049,0.000
33921,3.447,-0.073,0.000
33945,3.449,-0.073,0.000
33968,3.447,-0.073,0.000
33991,3.447,-0.098,0.000
34014,3.447,-0.073,0.000
34037,3.449,-0.073,0.000
34061,3.447,-0.073,0.000
34084,3.447,-0.073,0.000
34107,3.447,-0.073,0.000
34130,3.447,-0.073,0.000
34155,3.449,-0.073,0.000
34178,3.446,-0.049,0.000
34201,3.447,-0.073,0.000
34224,3.447,-0.073,0.000
34247,3.447,-0.073,0.000
34271,3.447,-0.073,0.000
34294,3.446,-0.098,0.000
34317,3.446,-0.073,0.000
34340,3.449,-0.073,0.000
34364,3.449,-0.073,0.000
34387,3.447,-0.073,0.000
34410,3.447,-0.073,0.000
34433,3.447,-0.073,0.000
34457,3.449,-0.098,0.000
34481,3.446,-0.073,0.000
34504,3.447,-0.073,0.000
34527,3.446,-0.073,0.000
34550,3.450,-0.098,0.000
34574,3.450,-0.098,0.000
34597,3.447,-0.073,0.000
34620,3.447,-0.073,0.000
34643,3.449,-0.073,0.000
34668,3.447,-0.073,0.000
34691,3.447,-0.073,0.000
34714,3.446,-0.098,0.000
34737,3.447,-0.098,0.000
34761,3.449,-0.098,0.000
34785,3.447,-0.098,0.610
34808,3.447,-0.073,0.000
34831,3.447,-0.073,0.000
34854,3.449,-0.073,0.000
34878,3.446,-0.098,0.000
34901,3.447,-0.073,0.000
34924,3.447,-0.073,0.000
34947,3.447,-0.098,0.000
34970,3.449,-0.098,0.000
34993,3.447,-0.073,0.000
35016,3.447,-0.098,0.000
35039,3.447,-0.049,0.000
35062,3.449,-0.073,0.000
35086,3.447,-0.073,0.000
35109,3.447,-0.073,0.000
35132,3.447,-0.073,0.000
35155,3.447,-0.073,0.000
35180,3.446,-0.073,0.000
35203,3.447,-0.073,0.000
35226,3.447,-0.073,0.000
35249,3.447,-0.073,0.610
35273,3.449,-0.073,0.000
35296,3.447,-0.073,0.000
35319,3.447,-0.098,0.000
35342,3.447,-0.073,0.000
35365,3.449,-0.073,0.000
35389,3.447,-0.073,0.000
35412,3.446,-0.098,0.000
35435,3.447,-0.073,0.000
35458,3.447,-0.073,0.000
35481,3.449,-0.098,0.000
35504,3.447,-0.073,0.000
35527,3.447,-0.073,0.000
35550,3.447,-0.073,0.000
35573,3.449,-0.073,0.000
35597,3.446,-0.073,0.000
35620,3.449,-0.073,0.000
35643,3.447,-0.073,0.000
35666,3.447,-0.073,0.000
35691,3.449,-0.098,0.000
35714,3.447,-0.073,0.000
35737,3.447,-0.098,0.000
35760,3.447,-0.073,0.000
35783,3.449,-0.073,0.000
35807,3.447,-0.073,0.000
35830,3.447,-0.073,0.000
35853,3.447,-0.073,0.000
35876,3.449,-0.073,0.000
35900,3.447,-0.073,0.000
35923,3.447,-0.073,0.000
35946,3.446,-0.073,0.000
35969,3.447,-0.073,0.000
35993,3.449,-0.073,0.000
36016,3.447,-0.098,0.000
36039,3.449,-0.073,0.000
36062,3.447,-0.098,0.000
36085,3.449,-0.073,0.000
36109,3.447,-0.098,0.000
36132,3.447,-0.098,0.000
36155,3.447,-0.073,0.000
36178,3.449,-0.073,0.000
36203,3.449,-0.073,0.000
36226,3.447,-0.049,0.000
36249,3.447,-0.073,0.000
36272,3.447,-0.073,0.000
36295,3.450,-0.073,0.000
36319,3.447,-0.073,0.000
36342,3.447,-0.073,0.000
36365,3.447,-0.073,0.000
36388,3.449,-0.073,0.000
36412,3.446,-0.073,0.000
36435,3.447,-0.073,0.000
36458,3.447,-0.073,0.000
36481,3.446,-0.073,0.000
36505,3.447,-0.073,0.000
36528,3.446,-0.073,0.000
36551,3.446,-0.073,0.000
36574,3.447,-0.073,0.000
36597,3.447,-0.098,0.000
36621,3.447,-0.073,0.000
36644,3.447,-0.073,0.000
36667,3.446,-0.098,0.000
36690,3.449,-0.098,0.000
36714,3.447,-0.073,0.000
36737,3.447,-0.073,0.000
36760,3.446,-0.073,0.000
36783,3.446,-0.073,0.000
36806,3.449,-0.073,0.000
36830,3.449,-0.073,0.000
36853,3.449,-0.073,0.000
36876,3.450,-0.098,0.000
36899,3.450,-0.073,0.000
36923,3.450,-0.098,0.000
36946,3.449,-0.098,0.000
36969,3.449,-0.073,0.000
36992,3.449,-0.073,0.000
37017,3.449,-0.098,0.000
37040,3.449,-0.073,0.000
37063,3.449,-0.049,0.000
37086,3.449,-0.073,0.000
37109,3.449,-0.073,0.000
37133,3.449,-0.098,0.610
37156,3.449,-0.073,0.000
37179,3.449,-0.073,0.000
37202,3.449,-0.098,0.000
37227,3.449,-0.098,0.000
37250,3.449,-0.073,0.000
37273,3.449,-0.049,0.000
37296,3.449,-0.073,0.000
37319,3.449,-0.073,0.000
37343,3.451,-0.098,0.000
37366,3.449,-0.098,0.000
37389,3.449,-0.073,0.000
37412,3.449,-0.098,0.000
37436,3.446,-0.073,0.000
37459,3.447,-0.073,0.000
37482,3.447,-0.073,0.000
37505,3.450,-0.098,0.000
37529,3.449,-0.098,0.610
37552,3.447,-0.073,0.000
37575,3.449,-0.073,0.000
37598,3.447,-0.073,0.000
37621,3.449,-0.073,0.000
37645,3.447,-0.098,0.000
37668,3.447,-0.098,0.000
37691,3.447,-0.098,0.000
37714,3.449,-0.073,0.000
37739,3.449,-0.073,0.000
37762,3.449,-0.073,0.000
37785,3.446,-0.073,0.000
37808,3.447,-0.098,0.000
37831,3.450,-0.098,0.000
37855,3.447,-0.098,0.000
37878,3.446,-0.073,0.000
37901,3.449,-0.073,0.000
37924,3.450,-0.073,0.000
37948,3.447,-0.073,0.000
37971,3.446,-0.073,0.000
37994,3.447,-0.098,0.000
38017,3.447,-0.073,0.000
38041,3.450,-0.098,0.000
38064,3.447,-0.073,0.000
38087,3.449,-0.073,0.000
38110,3.447,-0.073,0.000
38133,3.449,-0.073,0.000
38157,3.447,-0.098,0.000
38180,3.447,-0.098,0.000
38203,3.447,-0.073,0.000
38226,3.449,-0.073,0.000
38251,3.447,-0.098,0.000
38274,3.447,-0.073,0.000
38297,3.447,-0.073,0.000
38320,3.446,-0.098,0.000
38343,3.449,-0.098,0.000
38367,3.447,-0.073,0.000
38390,3.447,-0.098,0.000
38413,3.447,-0.073,0.000
38436,3.449,-0.073,0.000
38460,3.449,-0.073,0.000
38483,3.447,-0.073,0.000
38506,3.447,-0.073,0.000
38529,3.447,-0.073,0.000
38553,3.449,-0.073,0.000
38576,3.447,-0.073,0.000
38599,3.447,-0.098,0.000
38622,3.449,-0.073,0.000
38645,3.449,-0.098,0.000
38669,3.447,-0.073,0.000
38692,3.447,-0.073,0.000
38715,3.447,-0.073,0.000
38738,3.449,-0.073,0.000
38763,3.447,-0.098,0.000
38786,3.447,-0.073,0.000
38809,3.447,-0.073,0.000
38832,3.447,-0.098,0.000
38855,3.449,-0.098,0.000
38879,3.446,-0.073,0.000
38902,3.447,-0.073,0.000
38925,3.447,-0.098,0.000
38948,3.449,-0.098,0.000
38972,3.447,-0.073,0.000
38995,3.446,-0.098,0.000
39018,3.447,-0.073,0.000
39041,3.447,-0.098,0.000
39065,3.449,-0.098,0.000
39088,3.446,-0.098,0.000
39111,3.446,-0.073,0.000
39134,3.447,-0.073,0.000
39157,3.449,-0.073,0.000
39181,3.447,-0.098,0.000
39204,3.447,-0.073,0.000
39227,3.446,-0.073,0.000
39250,3.449,-0.098,0.000
39275,3.447,-0.098,0.000
39298,3.447,-0.073,0.000
39321,3.447,-0.073,0.000
39344,3.447,-0.073,0.000
39367,3.450,-0.073,0.000
39391,3.447,-0.073,0.000
39414,3.446,-0.073,0.000
39437,3.446,-0.098,0.000
39460,3.449,-0.098,0.000
39484,3.447,-0.098,0.000
39507,3.447,-0.049,0.000
39530,3.447,-0.073,0.000
39553,3.447,-0.073,0.000
39577,3.449,-0.098,0.000
39600,3.447,-0.098,0.000
39623,3.447,-0.073,0.000
39646,3.447,-0.073,0.000
39669,3.449,-0.073,0.000
39693,3.446,-0.073,0.000
39716,3.447,-0.049,0.000
39739,3.446,-0.098,0.000
39762,3.449,-0.098,0.000
39787,3.447,-0.073,0.000
39810,3.447,-0.073,0.000
39833,3.446,-0.049,0.000
39856,3.447,-0.073,0.000
39879,3.449,-0.073,0.000
39903,3.447,-0.098,0.000
39926,3.447,-0.098,0.000
39949,3.447,-0.073,0.000
39972,3.449,-0.073,0.000
39996,3.446,-0.073,0.000
40019,3.446,-0.073,0.000
40042,3.447,-0.073,0.000
40065,3.447,-0.098,0.000
40089,3.449,-0.098,0.000
40112,3.447,-0.073,0.000
40135,3.447,-0.098,0.000
40158,3.447,-0.098,0.000
40181,3.449,-0.098,0.610
40205,3.447,-0.073,0.000
40228,3.446,-0.073,0.000
40251,3.446,-0.073,0.000
40274,3.449,-0.073,0.000
40298,3.447,-0.073,0.000
40321,3.447,-0.073,0.000
40344,3.447,-0.073,0.000
40367,3.447,-0.073,0.000
40390,3.449,-0.073,0.000
40414,3.447,-0.098,0.000
40437,3.447,-0.098,0.000
40460,3.447,-0.073,0.000
40483,3.449,-0.098,0.000
40507,3.446,-0.098,0.000
40530,3.447,-0.073,0.000
40553,3.447,-0.049,0.000
40576,3.447,-0.098,0.000
40601,3.449,-0.073,0.000
40624,3.447,-0.073,0.000
40647,3.447,-0.073,0.000
40670,3.447,-0.073,0.000
40693,3.449,-0.098,0.000
40717,3.446,-0.073,0.000
40740,3.447,-0.073,0.000
40763,3.446,-0.098,0.000
40786,3.449,-0.073,0.000
40811,3.446,-0.098,0.000
40834,3.447,-0.073,0.000
40857,3.449,-0.073,0.000
40880,3.447,-0.073,0.000
40903,3.450,-0.073,0.000
40927,3.447,-0.098,0.000
40950,3.447,-0.073,0.000
40973,3.446,-0.073,0.000
40996,3.449,-0.098,0.000
41020,3.446,-0.073,0.000
41043,3.447,-0.098,0.000
41066,3.447,-0.073,0.000
41089,3.447,-0.073,0.000
41113,3.449,-0.073,0.000
41136,3.447,-0.073,0.000
41159,3.447,-0.098,0.000
41182,3.446,-0.073,0.000
41205,3.449,-0.073,0.000
41229,3.446,-0.073,0.000
41252,3.447,-0.073,0.000
41275,3.447,-0.098,0.000
41298,3.450,-0.098,0.000
41323,3.447,-0.073,0.000
41346,3.447,-0.073,0.000
41369,3.447,-0.073,0.000
41392,3.446,-0.098,0.000
41415,3.449,-0.073,0.000
41439,3.447,-0.073,0.000
41462,3.446,-0.073,0.000
41485,3.446,-0.098,0.000
41508,3.449,-0.098,0.000
41532,3.447,-0.098,0.000
41555,3.449,-0.073,0.000
41578,3.446,-0.098,0.000
41601,3.447,-0.073,0.000
41625,3.449,-0.098,0.000
41648,3.447,-0.073,0.000
41671,3.446,-0.098,0.000
41694,3.447,-0.073,0.000
41717,3.449,-0.098,0.000
41741,3.447,-0.073,0.000
41764,3.447,-0.073,0.000
41787,3.446,-0.073,0.000
41810,3.449,-0.098,0.000
41834,3.447,-0.098,0.000
41857,3.447,-0.073,0.000
41880,3.447,-0.073,0.000
41903,3.446,-0.073,0.000
41926,3.450,-0.073,0.000
41950,3.447,-0.073,0.000
41973,3.447,-0.073,0.000
41996,3.447,-0.073,0.000
42019,3.449,-0.098,0.000
42043,3.447,-0.098,0.000
42066,3.446,-0.098,0.000
42089,3.447,-0.073,0.000
42112,3.446,-0.073,0.000
42137,3.447,-0.073,0.000
42160,3.447,-0.073,0.000
